1 10
2 6
3 6
4 9
5 10
#######################################################
[0, 414, 351, 420, 309, 419, 392, 379, 313, 457]
[414, 0, 320, 307, 301, 385, 319, 438, 274, 254]
[351, 320, 0, 321, 434, 494, 329, 284, 371, 325]
[420, 307, 321, 0, 425, 377, 499, 496, 266, 497]
[309, 301, 434, 425, 0, 446, 470, 407, 328, 484]
[419, 385, 494, 377, 446, 0, 395, 500, 290, 271]
[392, 319, 329, 499, 470, 395, 0, 491, 410, 458]
[379, 438, 284, 496, 407, 500, 491, 0, 379, 447]
[313, 274, 371, 266, 328, 290, 410, 379, 0, 345]
[457, 254, 325, 497, 484, 271, 458, 447, 345, 0]
number of nodes : 10
naive solution:
number of nodes: 4 sequence: 
[[1, 2, 4, 3, 1]]
distance: 1393
calculation: 414 + 307 + 321 + 351 + 
1393
number of nodes: 5 sequence: 
[[1, 3, 4, 2, 5, 1]]
distance: 1589
calculation: 351 + 321 + 307 + 301 + 309 + 
1589
number of nodes: 6 sequence: 
[[1, 3, 4, 6, 2, 5, 1]]
distance: 2044
calculation: 351 + 321 + 377 + 385 + 301 + 309 + 
2044
number of nodes: 7 sequence: 
[[1, 3, 7, 6, 4, 2, 5, 1]]
distance: 2369
calculation: 351 + 329 + 395 + 377 + 307 + 301 + 309 + 
2369
number of nodes: 8 sequence: 
[[1, 5, 2, 4, 6, 7, 3, 8, 1]]
distance: 2681
calculation: 309 + 301 + 307 + 377 + 395 + 329 + 284 + 379 + 
2681
number of nodes: 9 sequence: 
[[1, 5, 2, 4, 9, 6, 7, 3, 8, 1]]
distance: 2860
calculation: 309 + 301 + 307 + 266 + 290 + 395 + 329 + 284 + 379 + 
2860
number of nodes: 10 sequence: 
[[1, 5, 8, 3, 4, 9, 6, 10, 2, 7, 1]]
distance: 3113
calculation: 309 + 407 + 284 + 321 + 266 + 290 + 271 + 254 + 319 + 392 + 
3113
Time of Program 1.45711803436
my solution:
adding node4
[[1, 2, 4, 3, 1]]
distance :1393
calculation: 414 + 307 + 321 + 351 + 
1393
adding node5
[[1, 3, 4, 2, 5, 1]]
distance :1589
calculation: 351 + 321 + 307 + 301 + 309 + 
1589
adding node6
[[1, 3, 4, 6, 2, 5, 1]]
distance :2044
calculation: 351 + 321 + 377 + 385 + 301 + 309 + 
2044
adding node7
[[1, 3, 7, 6, 4, 2, 5, 1]]
distance :2369
calculation: 351 + 329 + 395 + 377 + 307 + 301 + 309 + 
2369
adding node8
[[1, 5, 2, 4, 6, 7, 3, 8, 1]]
distance :2681
calculation: 309 + 301 + 307 + 377 + 395 + 329 + 284 + 379 + 
2681
adding node9
[[1, 5, 2, 4, 9, 6, 7, 3, 8, 1]]
distance :2860
calculation: 309 + 301 + 307 + 266 + 290 + 395 + 329 + 284 + 379 + 
2860
adding node10
[[1, 5, 9, 4, 2, 10, 6, 7, 3, 8, 1]]
distance :3122
calculation: 309 + 328 + 266 + 307 + 254 + 271 + 395 + 329 + 284 + 379 + 
3122

Time of Program 0.00329184532166
#######################################################
6 9
#######################################################
[0, 465, 437, 435, 437, 266, 349, 391, 368]
[465, 0, 307, 402, 337, 487, 430, 366, 472]
[437, 307, 0, 460, 412, 425, 420, 461, 291]
[435, 402, 460, 0, 341, 352, 260, 337, 464]
[437, 337, 412, 341, 0, 253, 493, 291, 485]
[266, 487, 425, 352, 253, 0, 355, 323, 451]
[349, 430, 420, 260, 493, 355, 0, 303, 428]
[391, 366, 461, 337, 291, 323, 303, 0, 441]
[368, 472, 291, 464, 485, 451, 428, 441, 0]
number of nodes : 9
naive solution:
number of nodes: 4 sequence: 
[[1, 3, 2, 4, 1]]
distance: 1581
calculation: 437 + 307 + 402 + 435 + 
1581
number of nodes: 5 sequence: 
[[1, 3, 2, 5, 4, 1]]
distance: 1857
calculation: 437 + 307 + 337 + 341 + 435 + 
1857
number of nodes: 6 sequence: 
[[1, 3, 2, 4, 5, 6, 1]]
distance: 2006
calculation: 437 + 307 + 402 + 341 + 253 + 266 + 
2006
number of nodes: 7 sequence: 
[[1, 6, 5, 2, 3, 4, 7, 1]]
distance: 2232
calculation: 266 + 253 + 337 + 307 + 460 + 260 + 349 + 
2232
number of nodes: 8 sequence: 
[[1, 3, 2, 4, 7, 8, 5, 6, 1]]
distance: 2519
calculation: 437 + 307 + 402 + 260 + 303 + 291 + 253 + 266 + 
2519
number of nodes: 9 sequence: 
[[1, 6, 5, 8, 7, 4, 2, 3, 9, 1]]
distance: 2741
calculation: 266 + 253 + 291 + 303 + 260 + 402 + 307 + 291 + 368 + 
2741
Time of Program 0.138573884964
my solution:
adding node4
[[1, 3, 2, 4, 1]]
distance :1581
calculation: 437 + 307 + 402 + 435 + 
1581
adding node5
[[1, 3, 2, 5, 4, 1]]
distance :1857
calculation: 437 + 307 + 337 + 341 + 435 + 
1857
adding node6
[[1, 3, 2, 4, 5, 6, 1]]
distance :2006
calculation: 437 + 307 + 402 + 341 + 253 + 266 + 
2006
adding node7
[[1, 6, 5, 2, 3, 4, 7, 1]]
distance :2232
calculation: 266 + 253 + 337 + 307 + 460 + 260 + 349 + 
2232
adding node8
[[1, 6, 5, 3, 2, 8, 4, 7, 1]]
distance :2550
calculation: 266 + 253 + 412 + 307 + 366 + 337 + 260 + 349 + 
2550
adding node9
[[1, 7, 4, 8, 6, 5, 2, 3, 9, 1]]
distance :2825
calculation: 349 + 260 + 337 + 323 + 253 + 337 + 307 + 291 + 368 + 
2825

Time of Program 0.00139999389648
#######################################################
7 9
8 8
#######################################################
[0, 424, 469, 272, 401, 396, 306, 330]
[424, 0, 492, 290, 368, 323, 292, 471]
[469, 492, 0, 416, 384, 494, 280, 269]
[272, 290, 416, 0, 481, 487, 391, 298]
[401, 368, 384, 481, 0, 442, 342, 320]
[396, 323, 494, 487, 442, 0, 253, 375]
[306, 292, 280, 391, 342, 253, 0, 402]
[330, 471, 269, 298, 320, 375, 402, 0]
number of nodes : 8
naive solution:
number of nodes: 4 sequence: 
[[1, 3, 2, 4, 1]]
distance: 1523
calculation: 469 + 492 + 290 + 272 + 
1523
number of nodes: 5 sequence: 
[[1, 3, 5, 2, 4, 1]]
distance: 1783
calculation: 469 + 384 + 368 + 290 + 272 + 
1783
number of nodes: 6 sequence: 
[[1, 4, 3, 5, 2, 6, 1]]
distance: 2159
calculation: 272 + 416 + 384 + 368 + 323 + 396 + 
2159
number of nodes: 7 sequence: 
[[1, 4, 2, 6, 7, 3, 5, 1]]
distance: 2203
calculation: 272 + 290 + 323 + 253 + 280 + 384 + 401 + 
2203
number of nodes: 8 sequence: 
[[1, 4, 2, 6, 7, 3, 8, 5, 1]]
distance: 2408
calculation: 272 + 290 + 323 + 253 + 280 + 269 + 320 + 401 + 
2408
Time of Program 0.0168828964233
my solution:
adding node4
[[1, 3, 2, 4, 1]]
distance :1523
calculation: 469 + 492 + 290 + 272 + 
1523
adding node5
[[1, 3, 5, 2, 4, 1]]
distance :1783
calculation: 469 + 384 + 368 + 290 + 272 + 
1783
adding node6
[[1, 4, 3, 5, 2, 6, 1]]
distance :2159
calculation: 272 + 416 + 384 + 368 + 323 + 396 + 
2159
adding node7
[[1, 4, 2, 5, 3, 7, 6, 1]]
distance :2243
calculation: 272 + 290 + 368 + 384 + 280 + 253 + 396 + 
2243
adding node8
[[1, 4, 2, 5, 8, 3, 7, 6, 1]]
distance :2448
calculation: 272 + 290 + 368 + 320 + 269 + 280 + 253 + 396 + 
2448

Time of Program 0.00121998786926
#######################################################
9 10
10 6
11 10
#######################################################
[0, 400, 355, 394, 477, 398, 291, 494, 433, 289]
[400, 0, 485, 261, 456, 285, 482, 342, 306, 411]
[355, 485, 0, 452, 428, 272, 302, 409, 490, 422]
[394, 261, 452, 0, 479, 394, 492, 376, 421, 369]
[477, 456, 428, 479, 0, 428, 299, 432, 464, 397]
[398, 285, 272, 394, 428, 0, 266, 287, 282, 315]
[291, 482, 302, 492, 299, 266, 0, 396, 498, 436]
[494, 342, 409, 376, 432, 287, 396, 0, 327, 477]
[433, 306, 490, 421, 464, 282, 498, 327, 0, 464]
[289, 411, 422, 369, 397, 315, 436, 477, 464, 0]
number of nodes : 10
naive solution:
number of nodes: 4 sequence: 
[[1, 2, 4, 3, 1]]
distance: 1468
calculation: 400 + 261 + 452 + 355 + 
1468
number of nodes: 5 sequence: 
[[1, 3, 5, 2, 4, 1]]
distance: 1894
calculation: 355 + 428 + 456 + 261 + 394 + 
1894
number of nodes: 6 sequence: 
[[1, 4, 2, 6, 3, 5, 1]]
distance: 2117
calculation: 394 + 261 + 285 + 272 + 428 + 477 + 
2117
number of nodes: 7 sequence: 
[[1, 4, 2, 6, 3, 5, 7, 1]]
distance: 2230
calculation: 394 + 261 + 285 + 272 + 428 + 299 + 291 + 
2230
number of nodes: 8 sequence: 
[[1, 3, 6, 2, 4, 8, 5, 7, 1]]
distance: 2571
calculation: 355 + 272 + 285 + 261 + 376 + 432 + 299 + 291 + 
2571
number of nodes: 9 sequence: 
[[1, 4, 2, 9, 8, 6, 3, 5, 7, 1]]
distance: 2865
calculation: 394 + 261 + 306 + 327 + 287 + 272 + 428 + 299 + 291 + 
2865
number of nodes: 10 sequence: 
[[1, 7, 5, 3, 6, 8, 9, 2, 4, 10, 1]]
distance: 3129
calculation: 291 + 299 + 428 + 272 + 287 + 327 + 306 + 261 + 369 + 289 + 
3129
Time of Program 1.30130505562
my solution:
adding node4
[[1, 2, 4, 3, 1]]
distance :1468
calculation: 400 + 261 + 452 + 355 + 
1468
adding node5
[[1, 3, 5, 2, 4, 1]]
distance :1894
calculation: 355 + 428 + 456 + 261 + 394 + 
1894
adding node6
[[1, 4, 2, 6, 3, 5, 1]]
distance :2117
calculation: 394 + 261 + 285 + 272 + 428 + 477 + 
2117
adding node7
[[1, 4, 2, 6, 3, 5, 7, 1]]
distance :2230
calculation: 394 + 261 + 285 + 272 + 428 + 299 + 291 + 
2230
adding node8
[[1, 3, 6, 2, 4, 8, 5, 7, 1]]
distance :2571
calculation: 355 + 272 + 285 + 261 + 376 + 432 + 299 + 291 + 
2571
adding node9
[[1, 3, 6, 9, 2, 4, 8, 5, 7, 1]]
distance :2874
calculation: 355 + 272 + 282 + 306 + 261 + 376 + 432 + 299 + 291 + 
2874
adding node10
[[1, 3, 6, 8, 9, 2, 4, 10, 5, 7, 1]]
distance :3164
calculation: 355 + 272 + 287 + 327 + 306 + 261 + 369 + 397 + 299 + 291 + 
3164

Time of Program 0.00196480751038
#######################################################
12 9
13 7
14 8
15 6
16 9
#######################################################
[0, 399, 290, 322, 469, 263, 329, 478, 476]
[399, 0, 371, 402, 394, 303, 410, 495, 441]
[290, 371, 0, 386, 381, 494, 308, 394, 380]
[322, 402, 386, 0, 386, 493, 459, 312, 319]
[469, 394, 381, 386, 0, 372, 333, 257, 470]
[263, 303, 494, 493, 372, 0, 400, 252, 473]
[329, 410, 308, 459, 333, 400, 0, 457, 276]
[478, 495, 394, 312, 257, 252, 457, 0, 399]
[476, 441, 380, 319, 470, 473, 276, 399, 0]
number of nodes : 9
naive solution:
number of nodes: 4 sequence: 
[[1, 3, 2, 4, 1]]
distance: 1385
calculation: 290 + 371 + 402 + 322 + 
1385
number of nodes: 5 sequence: 
[[1, 3, 2, 5, 4, 1]]
distance: 1763
calculation: 290 + 371 + 394 + 386 + 322 + 
1763
number of nodes: 6 sequence: 
[[1, 3, 4, 5, 2, 6, 1]]
distance: 2022
calculation: 290 + 386 + 386 + 394 + 303 + 263 + 
2022
number of nodes: 7 sequence: 
[[1, 3, 7, 5, 4, 2, 6, 1]]
distance: 2285
calculation: 290 + 308 + 333 + 386 + 402 + 303 + 263 + 
2285
number of nodes: 8 sequence: 
[[1, 3, 7, 5, 8, 6, 2, 4, 1]]
distance: 2467
calculation: 290 + 308 + 333 + 257 + 252 + 303 + 402 + 322 + 
2467
number of nodes: 9 sequence: 
[[1, 3, 7, 9, 4, 8, 5, 2, 6, 1]]
distance: 2722
calculation: 290 + 308 + 276 + 319 + 312 + 257 + 394 + 303 + 263 + 
2722
Time of Program 0.138705968857
my solution:
adding node4
[[1, 3, 2, 4, 1]]
distance :1385
calculation: 290 + 371 + 402 + 322 + 
1385
adding node5
[[1, 3, 2, 5, 4, 1]]
distance :1763
calculation: 290 + 371 + 394 + 386 + 322 + 
1763
adding node6
[[1, 3, 4, 5, 2, 6, 1]]
distance :2022
calculation: 290 + 386 + 386 + 394 + 303 + 263 + 
2022
adding node7
[[1, 3, 7, 5, 4, 2, 6, 1]]
distance :2285
calculation: 290 + 308 + 333 + 386 + 402 + 303 + 263 + 
2285
adding node8
[[1, 3, 7, 5, 8, 6, 2, 4, 1]]
distance :2467
calculation: 290 + 308 + 333 + 257 + 252 + 303 + 402 + 322 + 
2467
adding node9
[[1, 3, 2, 6, 8, 5, 7, 9, 4, 1]]
distance :2723
calculation: 290 + 371 + 303 + 252 + 257 + 333 + 276 + 319 + 322 + 
2723

Time of Program 0.00131011009216
#######################################################
17 8
18 9
19 7
20 10
#######################################################
[0, 291, 448, 434, 320, 497, 302, 357, 318, 475]
[291, 0, 386, 338, 348, 295, 355, 276, 462, 457]
[448, 386, 0, 441, 294, 310, 325, 466, 448, 295]
[434, 338, 441, 0, 272, 263, 368, 263, 369, 358]
[320, 348, 294, 272, 0, 373, 312, 306, 472, 379]
[497, 295, 310, 263, 373, 0, 409, 482, 480, 371]
[302, 355, 325, 368, 312, 409, 0, 361, 338, 262]
[357, 276, 466, 263, 306, 482, 361, 0, 340, 482]
[318, 462, 448, 369, 472, 480, 338, 340, 0, 477]
[475, 457, 295, 358, 379, 371, 262, 482, 477, 0]
number of nodes : 10
naive solution:
number of nodes: 4 sequence: 
[[1, 2, 4, 3, 1]]
distance: 1518
calculation: 291 + 338 + 441 + 448 + 
1518
number of nodes: 5 sequence: 
[[1, 2, 4, 5, 3, 1]]
distance: 1643
calculation: 291 + 338 + 272 + 294 + 448 + 
1643
number of nodes: 6 sequence: 
[[1, 2, 4, 6, 3, 5, 1]]
distance: 1816
calculation: 291 + 338 + 263 + 310 + 294 + 320 + 
1816
number of nodes: 7 sequence: 
[[1, 2, 6, 4, 5, 3, 7, 1]]
distance: 2042
calculation: 291 + 295 + 263 + 272 + 294 + 325 + 302 + 
2042
number of nodes: 8 sequence: 
[[1, 2, 8, 4, 6, 3, 5, 7, 1]]
distance: 2311
calculation: 291 + 276 + 263 + 263 + 310 + 294 + 312 + 302 + 
2311
number of nodes: 9 sequence: 
[[1, 2, 8, 4, 6, 3, 5, 7, 9, 1]]
distance: 2665
calculation: 291 + 276 + 263 + 263 + 310 + 294 + 312 + 338 + 318 + 
2665
number of nodes: 10 sequence: 
[[1, 7, 10, 3, 5, 4, 6, 2, 8, 9, 1]]
distance: 2917
calculation: 302 + 262 + 295 + 294 + 272 + 263 + 295 + 276 + 340 + 318 + 
2917
Time of Program 1.28505516052
my solution:
adding node4
[[1, 2, 4, 3, 1]]
distance :1518
calculation: 291 + 338 + 441 + 448 + 
1518
adding node5
[[1, 2, 4, 5, 3, 1]]
distance :1643
calculation: 291 + 338 + 272 + 294 + 448 + 
1643
adding node6
[[1, 2, 4, 6, 3, 5, 1]]
distance :1816
calculation: 291 + 338 + 263 + 310 + 294 + 320 + 
1816
adding node7
[[1, 2, 4, 6, 3, 5, 7, 1]]
distance :2110
calculation: 291 + 338 + 263 + 310 + 294 + 312 + 302 + 
2110
adding node8
[[1, 2, 8, 4, 6, 3, 5, 7, 1]]
distance :2311
calculation: 291 + 276 + 263 + 263 + 310 + 294 + 312 + 302 + 
2311
adding node9
[[1, 2, 8, 4, 6, 3, 5, 7, 9, 1]]
distance :2665
calculation: 291 + 276 + 263 + 263 + 310 + 294 + 312 + 338 + 318 + 
2665
adding node10
[[1, 2, 8, 5, 4, 6, 3, 10, 7, 9, 1]]
distance :2931
calculation: 291 + 276 + 306 + 272 + 263 + 310 + 295 + 262 + 338 + 318 + 
2931

Time of Program 0.00225496292114
#######################################################
21 6
22 6
23 8
24 10
#######################################################
[0, 361, 375, 417, 425, 319, 374, 296, 459, 412]
[361, 0, 267, 496, 421, 395, 389, 451, 275, 464]
[375, 267, 0, 373, 462, 489, 430, 292, 469, 420]
[417, 496, 373, 0, 417, 345, 480, 369, 305, 283]
[425, 421, 462, 417, 0, 342, 490, 292, 288, 325]
[319, 395, 489, 345, 342, 0, 477, 278, 258, 422]
[374, 389, 430, 480, 490, 477, 0, 383, 357, 309]
[296, 451, 292, 369, 292, 278, 383, 0, 290, 288]
[459, 275, 469, 305, 288, 258, 357, 290, 0, 491]
[412, 464, 420, 283, 325, 422, 309, 288, 491, 0]
number of nodes : 10
naive solution:
number of nodes: 4 sequence: 
[[1, 2, 3, 4, 1]]
distance: 1418
calculation: 361 + 267 + 373 + 417 + 
1418
number of nodes: 5 sequence: 
[[1, 2, 3, 4, 5, 1]]
distance: 1843
calculation: 361 + 267 + 373 + 417 + 425 + 
1843
number of nodes: 6 sequence: 
[[1, 2, 3, 4, 5, 6, 1]]
distance: 2079
calculation: 361 + 267 + 373 + 417 + 342 + 319 + 
2079
number of nodes: 7 sequence: 
[[1, 6, 5, 4, 3, 2, 7, 1]]
distance: 2481
calculation: 319 + 342 + 417 + 373 + 267 + 389 + 374 + 
2481
number of nodes: 8 sequence: 
[[1, 7, 2, 3, 4, 6, 5, 8, 1]]
distance: 2678
calculation: 374 + 389 + 267 + 373 + 345 + 342 + 292 + 296 + 
2678
number of nodes: 9 sequence: 
[[1, 6, 4, 9, 5, 8, 3, 2, 7, 1]]
distance: 2871
calculation: 319 + 345 + 305 + 288 + 292 + 292 + 267 + 389 + 374 + 
2871
number of nodes: 10 sequence: 
[[1, 6, 5, 8, 3, 2, 9, 4, 10, 7, 1], [1, 6, 8, 5, 9, 2, 3, 4, 10, 7, 1]]
distance: 3058
calculation: 319 + 342 + 292 + 292 + 267 + 275 + 305 + 283 + 309 + 374 + 
3058
calculation: 319 + 278 + 292 + 288 + 275 + 267 + 373 + 283 + 309 + 374 + 
3058
Time of Program 1.28951501846
my solution:
adding node4
[[1, 2, 3, 4, 1]]
distance :1418
calculation: 361 + 267 + 373 + 417 + 
1418
adding node5
[[1, 2, 3, 4, 5, 1]]
distance :1843
calculation: 361 + 267 + 373 + 417 + 425 + 
1843
adding node6
[[1, 2, 3, 4, 5, 6, 1]]
distance :2079
calculation: 361 + 267 + 373 + 417 + 342 + 319 + 
2079
adding node7
[[1, 6, 5, 4, 3, 2, 7, 1]]
distance :2481
calculation: 319 + 342 + 417 + 373 + 267 + 389 + 374 + 
2481
adding node8
[[1, 7, 2, 3, 4, 6, 5, 8, 1]]
distance :2678
calculation: 374 + 389 + 267 + 373 + 345 + 342 + 292 + 296 + 
2678
adding node9
[[1, 7, 2, 3, 4, 6, 9, 5, 8, 1]]
distance :2882
calculation: 374 + 389 + 267 + 373 + 345 + 258 + 288 + 292 + 296 + 
2882
adding node10
[[1, 2, 3, 8, 5, 9, 6, 4, 10, 7, 1]]
distance :3069
calculation: 361 + 267 + 292 + 292 + 288 + 258 + 345 + 283 + 309 + 374 + 
3069

Time of Program 0.00210785865784
#######################################################
25 7
26 7
27 7
28 10
29 9
30 9
31 10
32 7
33 10
#######################################################
[0, 463, 478, 430, 317, 443, 262, 323, 288, 312]
[463, 0, 458, 430, 288, 251, 251, 418, 421, 447]
[478, 458, 0, 358, 487, 325, 376, 468, 473, 356]
[430, 430, 358, 0, 327, 395, 396, 270, 278, 447]
[317, 288, 487, 327, 0, 297, 394, 373, 467, 322]
[443, 251, 325, 395, 297, 0, 411, 384, 328, 456]
[262, 251, 376, 396, 394, 411, 0, 415, 251, 446]
[323, 418, 468, 270, 373, 384, 415, 0, 436, 303]
[288, 421, 473, 278, 467, 328, 251, 436, 0, 481]
[312, 447, 356, 447, 322, 456, 446, 303, 481, 0]
number of nodes : 10
naive solution:
number of nodes: 4 sequence: 
[[1, 2, 3, 4, 1]]
distance: 1709
calculation: 463 + 458 + 358 + 430 + 
1709
number of nodes: 5 sequence: 
[[1, 4, 3, 2, 5, 1]]
distance: 1851
calculation: 430 + 358 + 458 + 288 + 317 + 
1851
number of nodes: 6 sequence: 
[[1, 4, 3, 6, 2, 5, 1]]
distance: 1969
calculation: 430 + 358 + 325 + 251 + 288 + 317 + 
1969
number of nodes: 7 sequence: 
[[1, 5, 4, 3, 6, 2, 7, 1]]
distance: 2091
calculation: 317 + 327 + 358 + 325 + 251 + 251 + 262 + 
2091
number of nodes: 8 sequence: 
[[1, 7, 2, 5, 6, 3, 4, 8, 1]]
distance: 2374
calculation: 262 + 251 + 288 + 297 + 325 + 358 + 270 + 323 + 
2374
number of nodes: 9 sequence: 
[[1, 8, 4, 3, 6, 5, 2, 7, 9, 1]]
distance: 2651
calculation: 323 + 270 + 358 + 325 + 297 + 288 + 251 + 251 + 288 + 
2651
number of nodes: 10 sequence: 
[[1, 5, 2, 6, 3, 10, 8, 4, 9, 7, 1]]
distance: 2901
calculation: 317 + 288 + 251 + 325 + 356 + 303 + 270 + 278 + 251 + 262 + 
2901
Time of Program 1.29408717155
my solution:
adding node4
[[1, 2, 3, 4, 1]]
distance :1709
calculation: 463 + 458 + 358 + 430 + 
1709
adding node5
[[1, 4, 3, 2, 5, 1]]
distance :1851
calculation: 430 + 358 + 458 + 288 + 317 + 
1851
adding node6
[[1, 4, 3, 6, 2, 5, 1]]
distance :1969
calculation: 430 + 358 + 325 + 251 + 288 + 317 + 
1969
adding node7
[[1, 5, 4, 3, 6, 2, 7, 1]]
distance :2091
calculation: 317 + 327 + 358 + 325 + 251 + 251 + 262 + 
2091
adding node8
[[1, 7, 2, 5, 6, 3, 4, 8, 1]]
distance :2374
calculation: 262 + 251 + 288 + 297 + 325 + 358 + 270 + 323 + 
2374
adding node9
[[1, 8, 4, 3, 6, 5, 2, 7, 9, 1]]
distance :2651
calculation: 323 + 270 + 358 + 325 + 297 + 288 + 251 + 251 + 288 + 
2651
adding node10
[[1, 5, 10, 8, 4, 3, 6, 2, 7, 9, 1]]
distance :2936
calculation: 317 + 322 + 303 + 270 + 358 + 325 + 251 + 251 + 251 + 288 + 
2936

Time of Program 0.00175094604492
#######################################################
34 9
35 10
#######################################################
[0, 410, 473, 473, 476, 435, 257, 261, 385, 321]
[410, 0, 327, 422, 359, 324, 471, 417, 289, 355]
[473, 327, 0, 481, 467, 451, 431, 271, 434, 346]
[473, 422, 481, 0, 357, 450, 299, 453, 314, 314]
[476, 359, 467, 357, 0, 369, 348, 372, 350, 426]
[435, 324, 451, 450, 369, 0, 428, 326, 426, 254]
[257, 471, 431, 299, 348, 428, 0, 360, 276, 448]
[261, 417, 271, 453, 372, 326, 360, 0, 433, 301]
[385, 289, 434, 314, 350, 426, 276, 433, 0, 370]
[321, 355, 346, 314, 426, 254, 448, 301, 370, 0]
number of nodes : 10
naive solution:
number of nodes: 4 sequence: 
[[1, 2, 3, 4, 1]]
distance: 1691
calculation: 410 + 327 + 481 + 473 + 
1691
number of nodes: 5 sequence: 
[[1, 3, 2, 5, 4, 1]]
distance: 1989
calculation: 473 + 327 + 359 + 357 + 473 + 
1989
number of nodes: 6 sequence: 
[[1, 3, 2, 6, 5, 4, 1]]
distance: 2323
calculation: 473 + 327 + 324 + 369 + 357 + 473 + 
2323
number of nodes: 7 sequence: 
[[1, 3, 2, 6, 5, 4, 7, 1]]
distance: 2406
calculation: 473 + 327 + 324 + 369 + 357 + 299 + 257 + 
2406
number of nodes: 8 sequence: 
[[1, 7, 4, 5, 6, 2, 3, 8, 1]]
distance: 2465
calculation: 257 + 299 + 357 + 369 + 324 + 327 + 271 + 261 + 
2465
number of nodes: 9 sequence: 
[[1, 7, 9, 4, 5, 6, 2, 3, 8, 1]]
distance: 2756
calculation: 257 + 276 + 314 + 357 + 369 + 324 + 327 + 271 + 261 + 
2756
number of nodes: 10 sequence: 
[[1, 7, 4, 10, 6, 5, 9, 2, 3, 8, 1], [1, 7, 9, 5, 4, 10, 6, 2, 3, 8, 1]]
distance: 2991
calculation: 257 + 299 + 314 + 254 + 369 + 350 + 289 + 327 + 271 + 261 + 
2991
calculation: 257 + 276 + 350 + 357 + 314 + 254 + 324 + 327 + 271 + 261 + 
2991
Time of Program 1.30957388878
my solution:
adding node4
[[1, 2, 3, 4, 1]]
distance :1691
calculation: 410 + 327 + 481 + 473 + 
1691
adding node5
[[1, 3, 2, 5, 4, 1]]
distance :1989
calculation: 473 + 327 + 359 + 357 + 473 + 
1989
adding node6
[[1, 3, 2, 6, 5, 4, 1]]
distance :2323
calculation: 473 + 327 + 324 + 369 + 357 + 473 + 
2323
adding node7
[[1, 3, 2, 6, 5, 4, 7, 1]]
distance :2406
calculation: 473 + 327 + 324 + 369 + 357 + 299 + 257 + 
2406
adding node8
[[1, 7, 4, 5, 6, 2, 3, 8, 1]]
distance :2465
calculation: 257 + 299 + 357 + 369 + 324 + 327 + 271 + 261 + 
2465
adding node9
[[1, 7, 9, 4, 5, 6, 2, 3, 8, 1]]
distance :2756
calculation: 257 + 276 + 314 + 357 + 369 + 324 + 327 + 271 + 261 + 
2756
adding node10
[[1, 7, 9, 5, 4, 10, 6, 2, 3, 8, 1]]
distance :2991
calculation: 257 + 276 + 350 + 357 + 314 + 254 + 324 + 327 + 271 + 261 + 
2991

Time of Program 0.00202012062073
#######################################################
36 7
37 7
38 9
39 7
40 7
#######################################################
[0, 471, 310, 389, 495, 336, 419]
[471, 0, 478, 450, 316, 331, 258]
[310, 478, 0, 443, 446, 396, 499]
[389, 450, 443, 0, 449, 279, 305]
[495, 316, 446, 449, 0, 274, 301]
[336, 331, 396, 279, 274, 0, 277]
[419, 258, 499, 305, 301, 277, 0]
number of nodes : 7
naive solution:
number of nodes: 4 sequence: 
[[1, 3, 2, 4, 1]]
distance: 1627
calculation: 310 + 478 + 450 + 389 + 
1627
number of nodes: 5 sequence: 
[[1, 3, 5, 2, 4, 1]]
distance: 1911
calculation: 310 + 446 + 316 + 450 + 389 + 
1911
number of nodes: 6 sequence: 
[[1, 3, 2, 5, 6, 4, 1]]
distance: 2046
calculation: 310 + 478 + 316 + 274 + 279 + 389 + 
2046
number of nodes: 7 sequence: 
[[1, 3, 4, 7, 2, 5, 6, 1]]
distance: 2242
calculation: 310 + 443 + 305 + 258 + 316 + 274 + 336 + 
2242
Time of Program 0.0026650428772
my solution:
adding node4
[[1, 3, 2, 4, 1]]
distance :1627
calculation: 310 + 478 + 450 + 389 + 
1627
adding node5
[[1, 3, 5, 2, 4, 1]]
distance :1911
calculation: 310 + 446 + 316 + 450 + 389 + 
1911
adding node6
[[1, 3, 2, 5, 6, 4, 1]]
distance :2046
calculation: 310 + 478 + 316 + 274 + 279 + 389 + 
2046
adding node7
[[1, 3, 6, 5, 2, 7, 4, 1]]
distance :2248
calculation: 310 + 396 + 274 + 316 + 258 + 305 + 389 + 
2248

Time of Program 0.000718116760254
#######################################################
41 6
42 7
43 7
44 8
45 10
#######################################################
[0, 273, 341, 491, 259, 496, 439, 286, 437, 481]
[273, 0, 466, 497, 468, 459, 292, 310, 379, 483]
[341, 466, 0, 448, 431, 398, 450, 294, 416, 340]
[491, 497, 448, 0, 364, 474, 272, 366, 328, 341]
[259, 468, 431, 364, 0, 353, 429, 315, 266, 375]
[496, 459, 398, 474, 353, 0, 433, 478, 355, 333]
[439, 292, 450, 272, 429, 433, 0, 445, 268, 491]
[286, 310, 294, 366, 315, 478, 445, 0, 414, 493]
[437, 379, 416, 328, 266, 355, 268, 414, 0, 424]
[481, 483, 340, 341, 375, 333, 491, 493, 424, 0]
number of nodes : 10
naive solution:
number of nodes: 4 sequence: 
[[1, 2, 4, 3, 1]]
distance: 1559
calculation: 273 + 497 + 448 + 341 + 
1559
number of nodes: 5 sequence: 
[[1, 2, 3, 4, 5, 1]]
distance: 1810
calculation: 273 + 466 + 448 + 364 + 259 + 
1810
number of nodes: 6 sequence: 
[[1, 2, 6, 3, 4, 5, 1]]
distance: 2201
calculation: 273 + 459 + 398 + 448 + 364 + 259 + 
2201
number of nodes: 7 sequence: 
[[1, 2, 7, 4, 5, 6, 3, 1]]
distance: 2293
calculation: 273 + 292 + 272 + 364 + 353 + 398 + 341 + 
2293
number of nodes: 8 sequence: 
[[1, 2, 7, 4, 8, 3, 6, 5, 1]]
distance: 2507
calculation: 273 + 292 + 272 + 366 + 294 + 398 + 353 + 259 + 
2507
number of nodes: 9 sequence: 
[[1, 2, 7, 4, 9, 5, 6, 3, 8, 1]]
distance: 2762
calculation: 273 + 292 + 272 + 328 + 266 + 353 + 398 + 294 + 286 + 
2762
number of nodes: 10 sequence: 
[[1, 2, 8, 3, 6, 10, 4, 7, 9, 5, 1]]
distance: 3014
calculation: 273 + 310 + 294 + 398 + 333 + 341 + 272 + 268 + 266 + 259 + 
3014
Time of Program 1.37157511711
my solution:
adding node4
[[1, 2, 4, 3, 1]]
distance :1559
calculation: 273 + 497 + 448 + 341 + 
1559
adding node5
[[1, 2, 3, 4, 5, 1]]
distance :1810
calculation: 273 + 466 + 448 + 364 + 259 + 
1810
adding node6
[[1, 2, 6, 3, 4, 5, 1]]
distance :2201
calculation: 273 + 459 + 398 + 448 + 364 + 259 + 
2201
adding node7
[[1, 2, 7, 4, 5, 6, 3, 1]]
distance :2293
calculation: 273 + 292 + 272 + 364 + 353 + 398 + 341 + 
2293
adding node8
[[1, 2, 7, 4, 8, 3, 6, 5, 1]]
distance :2507
calculation: 273 + 292 + 272 + 366 + 294 + 398 + 353 + 259 + 
2507
adding node9
[[1, 2, 7, 4, 9, 5, 6, 3, 8, 1]]
distance :2762
calculation: 273 + 292 + 272 + 328 + 266 + 353 + 398 + 294 + 286 + 
2762
adding node10
[[1, 2, 7, 4, 9, 5, 6, 10, 3, 8, 1]]
distance :3037
calculation: 273 + 292 + 272 + 328 + 266 + 353 + 333 + 340 + 294 + 286 + 
3037

Time of Program 0.00214600563049
#######################################################
46 6
47 6
48 6
49 10
#######################################################
[0, 315, 402, 361, 450, 375, 253, 300, 376, 278]
[315, 0, 410, 284, 376, 408, 465, 402, 457, 281]
[402, 410, 0, 273, 348, 362, 418, 381, 391, 490]
[361, 284, 273, 0, 297, 387, 283, 460, 379, 379]
[450, 376, 348, 297, 0, 327, 328, 340, 360, 415]
[375, 408, 362, 387, 327, 0, 467, 487, 357, 374]
[253, 465, 418, 283, 328, 467, 0, 348, 408, 343]
[300, 402, 381, 460, 340, 487, 348, 0, 431, 490]
[376, 457, 391, 379, 360, 357, 408, 431, 0, 323]
[278, 281, 490, 379, 415, 374, 343, 490, 323, 0]
number of nodes : 10
naive solution:
number of nodes: 4 sequence: 
[[1, 2, 4, 3, 1]]
distance: 1274
calculation: 315 + 284 + 273 + 402 + 
1274
number of nodes: 5 sequence: 
[[1, 2, 4, 5, 3, 1]]
distance: 1646
calculation: 315 + 284 + 297 + 348 + 402 + 
1646
number of nodes: 6 sequence: 
[[1, 2, 4, 3, 5, 6, 1]]
distance: 1922
calculation: 315 + 284 + 273 + 348 + 327 + 375 + 
1922
number of nodes: 7 sequence: 
[[1, 2, 4, 3, 6, 5, 7, 1]]
distance: 2142
calculation: 315 + 284 + 273 + 362 + 327 + 328 + 253 + 
2142
number of nodes: 8 sequence: 
[[1, 2, 4, 3, 6, 5, 8, 7, 1]]
distance: 2502
calculation: 315 + 284 + 273 + 362 + 327 + 340 + 348 + 253 + 
2502
number of nodes: 9 sequence: 
[[1, 2, 4, 3, 9, 6, 5, 8, 7, 1]]
distance: 2888
calculation: 315 + 284 + 273 + 391 + 357 + 327 + 340 + 348 + 253 + 
2888
number of nodes: 10 sequence: 
[[1, 7, 5, 6, 9, 10, 2, 4, 3, 8, 1]]
distance: 3107
calculation: 253 + 328 + 327 + 357 + 323 + 281 + 284 + 273 + 381 + 300 + 
3107
Time of Program 1.32094502449
my solution:
adding node4
[[1, 2, 4, 3, 1]]
distance :1274
calculation: 315 + 284 + 273 + 402 + 
1274
adding node5
[[1, 2, 4, 5, 3, 1]]
distance :1646
calculation: 315 + 284 + 297 + 348 + 402 + 
1646
adding node6
[[1, 2, 4, 3, 5, 6, 1]]
distance :1922
calculation: 315 + 284 + 273 + 348 + 327 + 375 + 
1922
adding node7
[[1, 2, 4, 3, 6, 5, 7, 1]]
distance :2142
calculation: 315 + 284 + 273 + 362 + 327 + 328 + 253 + 
2142
adding node8
[[1, 2, 4, 3, 6, 5, 8, 7, 1]]
distance :2502
calculation: 315 + 284 + 273 + 362 + 327 + 340 + 348 + 253 + 
2502
adding node9
[[1, 2, 4, 3, 9, 6, 5, 8, 7, 1]]
distance :2888
calculation: 315 + 284 + 273 + 391 + 357 + 327 + 340 + 348 + 253 + 
2888
adding node10
[[1, 7, 8, 5, 6, 9, 3, 4, 2, 10, 1]]
distance :3132
calculation: 253 + 348 + 340 + 327 + 357 + 391 + 273 + 284 + 281 + 278 + 
3132

Time of Program 0.0020580291748
#######################################################
50 9
#######################################################
[0, 439, 437, 285, 393, 496, 340, 476, 296]
[439, 0, 278, 445, 298, 297, 445, 270, 487]
[437, 278, 0, 325, 349, 318, 463, 359, 457]
[285, 445, 325, 0, 382, 268, 294, 444, 342]
[393, 298, 349, 382, 0, 343, 457, 496, 474]
[496, 297, 318, 268, 343, 0, 472, 278, 371]
[340, 445, 463, 294, 457, 472, 0, 478, 494]
[476, 270, 359, 444, 496, 278, 478, 0, 341]
[296, 487, 457, 342, 474, 371, 494, 341, 0]
number of nodes : 9
naive solution:
number of nodes: 4 sequence: 
[[1, 2, 3, 4, 1]]
distance: 1327
calculation: 439 + 278 + 325 + 285 + 
1327
number of nodes: 5 sequence: 
[[1, 4, 3, 2, 5, 1]]
distance: 1579
calculation: 285 + 325 + 278 + 298 + 393 + 
1579
number of nodes: 6 sequence: 
[[1, 4, 6, 3, 2, 5, 1]]
distance: 1840
calculation: 285 + 268 + 318 + 278 + 298 + 393 + 
1840
number of nodes: 7 sequence: 
[[1, 5, 2, 3, 6, 4, 7, 1]]
distance: 2189
calculation: 393 + 298 + 278 + 318 + 268 + 294 + 340 + 
2189
number of nodes: 8 sequence: 
[[1, 5, 3, 2, 8, 6, 4, 7, 1]]
distance: 2470
calculation: 393 + 349 + 278 + 270 + 278 + 268 + 294 + 340 + 
2470
number of nodes: 9 sequence: 
[[1, 7, 4, 6, 3, 5, 2, 8, 9, 1]]
distance: 2774
calculation: 340 + 294 + 268 + 318 + 349 + 298 + 270 + 341 + 296 + 
2774
Time of Program 0.135128974915
my solution:
adding node4
[[1, 2, 3, 4, 1]]
distance :1327
calculation: 439 + 278 + 325 + 285 + 
1327
adding node5
[[1, 4, 3, 2, 5, 1]]
distance :1579
calculation: 285 + 325 + 278 + 298 + 393 + 
1579
adding node6
[[1, 4, 6, 3, 2, 5, 1]]
distance :1840
calculation: 285 + 268 + 318 + 278 + 298 + 393 + 
1840
adding node7
[[1, 5, 2, 3, 6, 4, 7, 1]]
distance :2189
calculation: 393 + 298 + 278 + 318 + 268 + 294 + 340 + 
2189
adding node8
[[1, 5, 3, 2, 8, 6, 4, 7, 1]]
distance :2470
calculation: 393 + 349 + 278 + 270 + 278 + 268 + 294 + 340 + 
2470
adding node9
[[1, 7, 4, 6, 5, 3, 2, 8, 9, 1]]
distance :2779
calculation: 340 + 294 + 268 + 343 + 349 + 278 + 270 + 341 + 296 + 
2779

Time of Program 0.00119805335999
#######################################################
51 7
52 9
#######################################################
[0, 294, 396, 477, 454, 326, 272, 308, 481]
[294, 0, 476, 285, 405, 424, 362, 287, 281]
[396, 476, 0, 339, 499, 276, 308, 495, 396]
[477, 285, 339, 0, 338, 466, 310, 428, 339]
[454, 405, 499, 338, 0, 422, 440, 338, 441]
[326, 424, 276, 466, 422, 0, 299, 291, 465]
[272, 362, 308, 310, 440, 299, 0, 285, 276]
[308, 287, 495, 428, 338, 291, 285, 0, 470]
[481, 281, 396, 339, 441, 465, 276, 470, 0]
number of nodes : 9
naive solution:
number of nodes: 4 sequence: 
[[1, 2, 4, 3, 1]]
distance: 1314
calculation: 294 + 285 + 339 + 396 + 
1314
number of nodes: 5 sequence: 
[[1, 2, 5, 4, 3, 1]]
distance: 1772
calculation: 294 + 405 + 338 + 339 + 396 + 
1772
number of nodes: 6 sequence: 
[[1, 2, 5, 4, 3, 6, 1]]
distance: 1978
calculation: 294 + 405 + 338 + 339 + 276 + 326 + 
1978
number of nodes: 7 sequence: 
[[1, 2, 4, 5, 6, 3, 7, 1]]
distance: 2195
calculation: 294 + 285 + 338 + 422 + 276 + 308 + 272 + 
2195
number of nodes: 8 sequence: 
[[1, 2, 4, 5, 8, 6, 3, 7, 1]]
distance: 2402
calculation: 294 + 285 + 338 + 338 + 291 + 276 + 308 + 272 + 
2402
number of nodes: 9 sequence: 
[[1, 6, 3, 4, 5, 8, 2, 9, 7, 1]]
distance: 2733
calculation: 326 + 276 + 339 + 338 + 338 + 287 + 281 + 276 + 272 + 
2733
Time of Program 0.136667013168
my solution:
adding node4
[[1, 2, 4, 3, 1]]
distance :1314
calculation: 294 + 285 + 339 + 396 + 
1314
adding node5
[[1, 2, 5, 4, 3, 1]]
distance :1772
calculation: 294 + 405 + 338 + 339 + 396 + 
1772
adding node6
[[1, 2, 5, 4, 3, 6, 1]]
distance :1978
calculation: 294 + 405 + 338 + 339 + 276 + 326 + 
1978
adding node7
[[1, 2, 5, 4, 3, 6, 7, 1]]
distance :2223
calculation: 294 + 405 + 338 + 339 + 276 + 299 + 272 + 
2223
adding node8
[[1, 2, 4, 5, 8, 6, 3, 7, 1]]
distance :2402
calculation: 294 + 285 + 338 + 338 + 291 + 276 + 308 + 272 + 
2402
adding node9
[[1, 2, 9, 4, 5, 8, 6, 3, 7, 1]]
distance :2737
calculation: 294 + 281 + 339 + 338 + 338 + 291 + 276 + 308 + 272 + 
2737

Time of Program 0.00148701667786
#######################################################
53 10
54 8
55 9
56 6
57 10
58 7
59 6
60 10
61 6
62 6
63 9
64 7
65 6
66 6
67 7
68 7
69 9
#######################################################
[0, 401, 497, 277, 486, 281, 407, 451, 459]
[401, 0, 458, 321, 462, 271, 476, 271, 345]
[497, 458, 0, 473, 342, 484, 371, 290, 351]
[277, 321, 473, 0, 413, 403, 498, 353, 422]
[486, 462, 342, 413, 0, 408, 407, 439, 386]
[281, 271, 484, 403, 408, 0, 439, 334, 326]
[407, 476, 371, 498, 407, 439, 0, 375, 495]
[451, 271, 290, 353, 439, 334, 375, 0, 284]
[459, 345, 351, 422, 386, 326, 495, 284, 0]
number of nodes : 9
naive solution:
number of nodes: 4 sequence: 
[[1, 3, 2, 4, 1]]
distance: 1553
calculation: 497 + 458 + 321 + 277 + 
1553
number of nodes: 5 sequence: 
[[1, 4, 2, 3, 5, 1]]
distance: 1884
calculation: 277 + 321 + 458 + 342 + 486 + 
1884
number of nodes: 6 sequence: 
[[1, 4, 5, 3, 2, 6, 1]]
distance: 2042
calculation: 277 + 413 + 342 + 458 + 271 + 281 + 
2042
number of nodes: 7 sequence: 
[[1, 4, 2, 6, 5, 3, 7, 1]]
distance: 2397
calculation: 277 + 321 + 271 + 408 + 342 + 371 + 407 + 
2397
number of nodes: 8 sequence: 
[[1, 4, 5, 7, 3, 8, 2, 6, 1]]
distance: 2581
calculation: 277 + 413 + 407 + 371 + 290 + 271 + 271 + 281 + 
2581
number of nodes: 9 sequence: 
[[1, 4, 2, 6, 9, 8, 3, 5, 7, 1]]
distance: 2925
calculation: 277 + 321 + 271 + 326 + 284 + 290 + 342 + 407 + 407 + 
2925
Time of Program 0.139399051666
my solution:
adding node4
[[1, 3, 2, 4, 1]]
distance :1553
calculation: 497 + 458 + 321 + 277 + 
1553
adding node5
[[1, 4, 2, 3, 5, 1]]
distance :1884
calculation: 277 + 321 + 458 + 342 + 486 + 
1884
adding node6
[[1, 4, 5, 3, 2, 6, 1]]
distance :2042
calculation: 277 + 413 + 342 + 458 + 271 + 281 + 
2042
adding node7
[[1, 4, 2, 6, 5, 3, 7, 1]]
distance :2397
calculation: 277 + 321 + 271 + 408 + 342 + 371 + 407 + 
2397
adding node8
[[1, 4, 2, 8, 3, 7, 5, 6, 1]]
distance :2626
calculation: 277 + 321 + 271 + 290 + 371 + 407 + 408 + 281 + 
2626
adding node9
[[1, 4, 2, 8, 3, 7, 5, 9, 6, 1]]
distance :2930
calculation: 277 + 321 + 271 + 290 + 371 + 407 + 386 + 326 + 281 + 
2930

Time of Program 0.00140190124512
#######################################################
70 7
71 10
72 9
73 6
74 7
#######################################################
[0, 282, 412, 308, 373, 341, 415]
[282, 0, 315, 411, 479, 276, 446]
[412, 315, 0, 464, 488, 252, 403]
[308, 411, 464, 0, 390, 463, 339]
[373, 479, 488, 390, 0, 468, 459]
[341, 276, 252, 463, 468, 0, 329]
[415, 446, 403, 339, 459, 329, 0]
number of nodes : 7
naive solution:
number of nodes: 4 sequence: 
[[1, 2, 3, 4, 1]]
distance: 1369
calculation: 282 + 315 + 464 + 308 + 
1369
number of nodes: 5 sequence: 
[[1, 2, 3, 5, 4, 1]]
distance: 1783
calculation: 282 + 315 + 488 + 390 + 308 + 
1783
number of nodes: 6 sequence: 
[[1, 2, 6, 3, 5, 4, 1]]
distance: 1996
calculation: 282 + 276 + 252 + 488 + 390 + 308 + 
1996
number of nodes: 7 sequence: 
[[1, 2, 3, 6, 7, 4, 5, 1]]
distance: 2280
calculation: 282 + 315 + 252 + 329 + 339 + 390 + 373 + 
2280
Time of Program 0.00350403785706
my solution:
adding node4
[[1, 2, 3, 4, 1]]
distance :1369
calculation: 282 + 315 + 464 + 308 + 
1369
adding node5
[[1, 2, 3, 5, 4, 1]]
distance :1783
calculation: 282 + 315 + 488 + 390 + 308 + 
1783
adding node6
[[1, 2, 6, 3, 5, 4, 1]]
distance :1996
calculation: 282 + 276 + 252 + 488 + 390 + 308 + 
1996
adding node7
[[1, 2, 6, 3, 7, 4, 5, 1]]
distance :2315
calculation: 282 + 276 + 252 + 403 + 339 + 390 + 373 + 
2315

Time of Program 0.000735998153687
#######################################################
75 9
76 6
77 9
78 10
#######################################################
[0, 402, 292, 287, 470, 304, 398, 409, 475, 259]
[402, 0, 493, 260, 372, 438, 400, 455, 376, 339]
[292, 493, 0, 302, 430, 420, 274, 465, 488, 290]
[287, 260, 302, 0, 342, 280, 415, 253, 400, 494]
[470, 372, 430, 342, 0, 466, 482, 418, 489, 423]
[304, 438, 420, 280, 466, 0, 332, 258, 307, 267]
[398, 400, 274, 415, 482, 332, 0, 327, 493, 426]
[409, 455, 465, 253, 418, 258, 327, 0, 344, 486]
[475, 376, 488, 400, 489, 307, 493, 344, 0, 303]
[259, 339, 290, 494, 423, 267, 426, 486, 303, 0]
number of nodes : 10
naive solution:
number of nodes: 4 sequence: 
[[1, 2, 4, 3, 1]]
distance: 1256
calculation: 402 + 260 + 302 + 292 + 
1256
number of nodes: 5 sequence: 
[[1, 3, 5, 2, 4, 1]]
distance: 1641
calculation: 292 + 430 + 372 + 260 + 287 + 
1641
number of nodes: 6 sequence: 
[[1, 3, 5, 2, 4, 6, 1]]
distance: 1938
calculation: 292 + 430 + 372 + 260 + 280 + 304 + 
1938
number of nodes: 7 sequence: 
[[1, 4, 2, 5, 3, 7, 6, 1]]
distance: 2259
calculation: 287 + 260 + 372 + 430 + 274 + 332 + 304 + 
2259
number of nodes: 8 sequence: 
[[1, 3, 7, 6, 8, 5, 2, 4, 1]]
distance: 2493
calculation: 292 + 274 + 332 + 258 + 418 + 372 + 260 + 287 + 
2493
number of nodes: 9 sequence: 
[[1, 3, 7, 8, 6, 9, 2, 5, 4, 1]]
distance: 2835
calculation: 292 + 274 + 327 + 258 + 307 + 376 + 372 + 342 + 287 + 
2835
number of nodes: 10 sequence: 
[[1, 3, 7, 2, 5, 4, 8, 6, 9, 10, 1], [1, 3, 7, 5, 2, 4, 8, 6, 9, 10, 1]]
distance: 3060
calculation: 292 + 274 + 400 + 372 + 342 + 253 + 258 + 307 + 303 + 259 + 
3060
calculation: 292 + 274 + 482 + 372 + 260 + 253 + 258 + 307 + 303 + 259 + 
3060
Time of Program 1.400400877
my solution:
adding node4
[[1, 2, 4, 3, 1]]
distance :1256
calculation: 402 + 260 + 302 + 292 + 
1256
adding node5
[[1, 3, 5, 2, 4, 1]]
distance :1641
calculation: 292 + 430 + 372 + 260 + 287 + 
1641
adding node6
[[1, 3, 5, 2, 4, 6, 1]]
distance :1938
calculation: 292 + 430 + 372 + 260 + 280 + 304 + 
1938
adding node7
[[1, 4, 2, 5, 3, 7, 6, 1]]
distance :2259
calculation: 287 + 260 + 372 + 430 + 274 + 332 + 304 + 
2259
adding node8
[[1, 3, 7, 6, 8, 5, 2, 4, 1]]
distance :2493
calculation: 292 + 274 + 332 + 258 + 418 + 372 + 260 + 287 + 
2493
adding node9
[[1, 3, 7, 8, 6, 9, 2, 5, 4, 1]]
distance :2835
calculation: 292 + 274 + 327 + 258 + 307 + 376 + 372 + 342 + 287 + 
2835
adding node10
[[1, 3, 7, 2, 5, 4, 8, 6, 9, 10, 1]]
distance :3060
calculation: 292 + 274 + 400 + 372 + 342 + 253 + 258 + 307 + 303 + 259 + 
3060

Time of Program 0.0019359588623
#######################################################
79 9
80 7
81 6
82 8
#######################################################
[0, 450, 428, 377, 412, 308, 379, 284]
[450, 0, 310, 440, 324, 361, 254, 367]
[428, 310, 0, 374, 369, 370, 448, 474]
[377, 440, 374, 0, 485, 326, 272, 314]
[412, 324, 369, 485, 0, 415, 422, 499]
[308, 361, 370, 326, 415, 0, 413, 496]
[379, 254, 448, 272, 422, 413, 0, 387]
[284, 367, 474, 314, 499, 496, 387, 0]
number of nodes : 8
naive solution:
number of nodes: 4 sequence: 
[[1, 2, 3, 4, 1]]
distance: 1511
calculation: 450 + 310 + 374 + 377 + 
1511
number of nodes: 5 sequence: 
[[1, 4, 3, 2, 5, 1]]
distance: 1797
calculation: 377 + 374 + 310 + 324 + 412 + 
1797
number of nodes: 6 sequence: 
[[1, 5, 2, 3, 4, 6, 1]]
distance: 2054
calculation: 412 + 324 + 310 + 374 + 326 + 308 + 
2054
number of nodes: 7 sequence: 
[[1, 5, 3, 2, 7, 4, 6, 1]]
distance: 2251
calculation: 412 + 369 + 310 + 254 + 272 + 326 + 308 + 
2251
number of nodes: 8 sequence: 
[[1, 6, 3, 5, 2, 7, 4, 8, 1]]
distance: 2495
calculation: 308 + 370 + 369 + 324 + 254 + 272 + 314 + 284 + 
2495
Time of Program 0.0179200172424
my solution:
adding node4
[[1, 2, 3, 4, 1]]
distance :1511
calculation: 450 + 310 + 374 + 377 + 
1511
adding node5
[[1, 4, 3, 2, 5, 1]]
distance :1797
calculation: 377 + 374 + 310 + 324 + 412 + 
1797
adding node6
[[1, 5, 2, 3, 4, 6, 1]]
distance :2054
calculation: 412 + 324 + 310 + 374 + 326 + 308 + 
2054
adding node7
[[1, 5, 3, 2, 7, 4, 6, 1]]
distance :2251
calculation: 412 + 369 + 310 + 254 + 272 + 326 + 308 + 
2251
adding node8
[[1, 6, 5, 3, 2, 7, 4, 8, 1]]
distance :2526
calculation: 308 + 415 + 369 + 310 + 254 + 272 + 314 + 284 + 
2526

Time of Program 0.000883102416992
#######################################################
83 9
84 10
85 9
86 7
87 6
88 10
#######################################################
[0, 292, 290, 406, 309, 256, 313, 301, 301, 403]
[292, 0, 381, 371, 471, 326, 271, 416, 326, 495]
[290, 381, 0, 487, 430, 255, 475, 357, 437, 357]
[406, 371, 487, 0, 302, 342, 466, 353, 277, 314]
[309, 471, 430, 302, 0, 341, 383, 376, 385, 461]
[256, 326, 255, 342, 341, 0, 437, 370, 446, 279]
[313, 271, 475, 466, 383, 437, 0, 462, 356, 350]
[301, 416, 357, 353, 376, 370, 462, 0, 434, 450]
[301, 326, 437, 277, 385, 446, 356, 434, 0, 330]
[403, 495, 357, 314, 461, 279, 350, 450, 330, 0]
number of nodes : 10
naive solution:
number of nodes: 4 sequence: 
[[1, 2, 4, 3, 1]]
