1 9
2 8
3 7
4 7
5 8
6 8
7 6
8 9
9 6
10 6
11 6
12 8
13 7
14 9
15 7
16 6
17 10
18 10
#######################################################
[13, 15, 15, 16, 13, 15, 16, 18, 14, 15]
[15, 14, 18, 16, 20, 15, 19, 12, 17, 12]
[15, 18, 11, 20, 16, 18, 18, 19, 18, 10]
[16, 16, 20, 13, 17, 17, 19, 10, 17, 17]
[13, 20, 16, 17, 11, 10, 18, 14, 18, 10]
[15, 15, 18, 17, 10, 13, 16, 10, 15, 14]
[16, 19, 18, 19, 18, 16, 13, 14, 18, 17]
[18, 12, 19, 10, 14, 10, 14, 17, 13, 16]
[14, 17, 18, 17, 18, 15, 18, 13, 14, 10]
[15, 12, 10, 17, 10, 14, 17, 16, 10, 12]
number of nodes : 10
naive solution:
Done
[[1, 5, 6, 2, 4, 8, 7, 3, 10, 9, 1], [1, 5, 6, 8, 4, 2, 7, 3, 10, 9, 1], [1, 5, 6, 8, 4, 2, 9, 10, 3, 7, 1]]
130
Time of Program 1.18337893486
my solution:
Done
[[1, 5, 6, 8, 4, 2, 7, 3, 10, 9, 1], [1, 5, 6, 8, 4, 2, 9, 10, 3, 7, 1]]
130
Time of Program 0.00352597236633
#######################################################
19 8
20 8
21 8
22 7
23 10
24 7
25 6
26 6
27 7
28 7
29 8
30 9
#######################################################
[16, 11, 15, 14, 15, 10, 14, 16, 15]
[11, 15, 20, 12, 18, 11, 12, 13, 13]
[15, 20, 12, 10, 12, 16, 17, 18, 17]
[14, 12, 10, 12, 19, 14, 20, 14, 19]
[15, 18, 12, 19, 11, 14, 20, 11, 19]
[10, 11, 16, 14, 14, 14, 14, 20, 18]
[14, 12, 17, 20, 20, 14, 11, 18, 10]
[16, 13, 18, 14, 11, 20, 18, 20, 13]
[15, 13, 17, 19, 19, 18, 10, 13, 19]
number of nodes : 9
naive solution:
Done
[[1, 2, 4, 3, 5, 8, 9, 7, 6, 1], [1, 2, 7, 9, 8, 5, 3, 4, 6, 1], [1, 4, 3, 5, 8, 9, 7, 2, 6, 1], [1, 6, 2, 4, 3, 5, 8, 9, 7, 1]]
103
Time of Program 0.124639987946
my solution:
Done
[[1, 2, 7, 9, 8, 5, 3, 4, 6, 1], [1, 6, 2, 4, 3, 5, 8, 9, 7, 1]]
103
Time of Program 0.00141906738281
#######################################################
31 9
32 7
33 7
34 7
35 8
36 10
37 9
#######################################################
[15, 10, 17, 10, 19, 18, 10, 17, 10]
[10, 17, 19, 11, 18, 20, 16, 11, 18]
[17, 19, 20, 15, 11, 13, 13, 10, 13]
[10, 11, 15, 15, 16, 18, 13, 20, 19]
[19, 18, 11, 16, 20, 16, 15, 10, 13]
[18, 20, 13, 18, 16, 20, 17, 11, 12]
[10, 16, 13, 13, 15, 17, 18, 20, 13]
[17, 11, 10, 20, 10, 11, 20, 19, 20]
[10, 18, 13, 19, 13, 12, 13, 20, 11]
number of nodes : 9
naive solution:
Done
[[1, 2, 4, 7, 3, 5, 8, 6, 9, 1], [1, 4, 2, 8, 5, 3, 6, 9, 7, 1], [1, 7, 4, 2, 8, 5, 3, 6, 9, 1]]
101
Time of Program 0.123021125793
my solution:
Done
[[1, 4, 2, 8, 5, 3, 6, 9, 7, 1], [1, 7, 4, 2, 8, 5, 3, 6, 9, 1]]
101
Time of Program 0.00145983695984
#######################################################
38 8
39 9
40 7
41 10
42 9
#######################################################
[18, 18, 11, 10, 18, 12, 14, 19, 17]
[18, 14, 16, 19, 19, 14, 19, 13, 12]
[11, 16, 18, 16, 11, 17, 13, 17, 14]
[10, 19, 16, 20, 11, 17, 15, 12, 13]
[18, 19, 11, 11, 11, 11, 16, 18, 15]
[12, 14, 17, 17, 11, 14, 14, 20, 18]
[14, 19, 13, 15, 16, 14, 16, 12, 10]
[19, 13, 17, 12, 18, 20, 12, 10, 20]
[17, 12, 14, 13, 15, 18, 10, 20, 11]
number of nodes : 9
naive solution:
Done
[[1, 3, 5, 6, 2, 9, 7, 8, 4, 1]]
103
Time of Program 0.124549865723
my solution:
Done
[[1, 3, 5, 6, 2, 8, 7, 9, 4, 1]]
105
Time of Program 0.00130319595337
#######################################################
43 9
44 10
45 9
46 9
47 7
48 10
#######################################################
[17, 10, 16, 12, 17, 15, 18, 14, 20, 16]
[10, 13, 20, 19, 16, 20, 18, 19, 10, 20]
[16, 20, 16, 15, 17, 10, 13, 14, 15, 10]
[12, 19, 15, 15, 10, 13, 13, 15, 10, 10]
[17, 16, 17, 10, 18, 14, 14, 11, 15, 11]
[15, 20, 10, 13, 14, 14, 18, 13, 15, 16]
[18, 18, 13, 13, 14, 18, 17, 14, 18, 13]
[14, 19, 14, 15, 11, 13, 14, 20, 15, 20]
[20, 10, 15, 10, 15, 15, 18, 15, 20, 11]
[16, 20, 10, 10, 11, 16, 13, 20, 11, 10]
number of nodes : 10
naive solution:
Done
[[1, 2, 9, 4, 5, 8, 7, 10, 3, 6, 1], [1, 2, 9, 10, 7, 3, 6, 8, 5, 4, 1]]
113
Time of Program 1.16471791267
my solution:
Done
[[1, 2, 9, 10, 7, 3, 6, 8, 5, 4, 1]]
113
Time of Program 0.00202918052673
#######################################################
49 9
50 7
51 10
#######################################################
[15, 14, 12, 16, 11, 17, 14, 13, 15, 12]
[14, 12, 10, 12, 13, 13, 10, 16, 11, 14]
[12, 10, 12, 15, 19, 12, 17, 18, 15, 12]
[16, 12, 15, 18, 12, 17, 10, 10, 10, 15]
[11, 13, 19, 12, 15, 15, 18, 17, 20, 20]
[17, 13, 12, 17, 15, 17, 13, 17, 11, 14]
[14, 10, 17, 10, 18, 13, 14, 18, 12, 18]
[13, 16, 18, 10, 17, 17, 18, 14, 16, 15]
[15, 11, 15, 10, 20, 11, 12, 16, 17, 19]
[12, 14, 12, 15, 20, 14, 18, 15, 19, 17]
number of nodes : 10
naive solution:
Done
[[1, 5, 2, 3, 6, 9, 7, 4, 8, 10, 1], [1, 5, 2, 3, 10, 6, 9, 7, 4, 8, 1], [1, 5, 8, 4, 7, 2, 9, 6, 3, 10, 1], [1, 5, 8, 4, 9, 6, 7, 2, 3, 10, 1]]
116
Time of Program 1.16016697884
my solution:
Done
[[1, 5, 2, 3, 6, 9, 7, 4, 8, 10, 1], [1, 5, 2, 3, 10, 6, 9, 7, 4, 8, 1]]
116
Time of Program 0.00353717803955
#######################################################
52 6
53 9
54 10
55 8
56 7
57 8
#######################################################
[11, 16, 13, 16, 15, 14, 17, 18]
[16, 17, 20, 14, 14, 16, 12, 15]
[13, 20, 19, 11, 13, 13, 11, 10]
[16, 14, 11, 18, 17, 10, 12, 18]
[15, 14, 13, 17, 17, 10, 10, 20]
[14, 16, 13, 10, 10, 17, 14, 10]
[17, 12, 11, 12, 10, 14, 11, 13]
[18, 15, 10, 18, 20, 10, 13, 19]
number of nodes : 8
naive solution:
Done
[[1, 3, 8, 6, 4, 2, 7, 5, 1]]
94
Time of Program 0.0149171352386
my solution:
Done
[[1, 2, 4, 7, 5, 6, 8, 3, 1], [1, 2, 7, 5, 6, 8, 3, 4, 1], [1, 3, 8, 6, 5, 7, 2, 4, 1]]
95
Time of Program 0.000895023345947
#######################################################
58 6
59 9
60 7
#######################################################
[15, 17, 15, 16, 10, 20, 20]
[17, 11, 10, 12, 17, 20, 15]
[15, 10, 13, 13, 17, 10, 14]
[16, 12, 13, 17, 15, 11, 19]
[10, 17, 17, 15, 19, 18, 15]
[20, 20, 10, 11, 18, 11, 12]
[20, 15, 14, 19, 15, 12, 15]
number of nodes : 7
naive solution:
Done
[[1, 3, 2, 4, 6, 7, 5, 1], [1, 4, 2, 3, 6, 7, 5, 1]]
85
Time of Program 0.00214099884033
my solution:
Done
[[1, 4, 2, 3, 6, 7, 5, 1]]
85
Time of Program 0.000524997711182
#######################################################
61 9
62 6
63 8
64 9
65 6
66 8
67 9
68 8
#######################################################
[16, 20, 10, 20, 12, 14, 20, 14]
[20, 14, 11, 15, 11, 17, 11, 12]
[10, 11, 18, 17, 10, 12, 12, 16]
[20, 15, 17, 15, 11, 17, 20, 15]
[12, 11, 10, 11, 17, 20, 20, 16]
[14, 17, 12, 17, 20, 17, 13, 19]
[20, 11, 12, 20, 20, 13, 18, 20]
[14, 12, 16, 15, 16, 19, 20, 10]
number of nodes : 8
naive solution:
Done
[[1, 3, 5, 4, 8, 2, 7, 6, 1], [1, 3, 6, 7, 2, 8, 4, 5, 1]]
96
Time of Program 0.0196840763092
my solution:
Done
[[1, 3, 5, 4, 8, 2, 7, 6, 1]]
96
Time of Program 0.000930070877075
#######################################################
69 9
70 10
71 6
72 10
#######################################################
[16, 11, 10, 13, 15, 19, 17, 20, 20, 17]
[11, 18, 16, 12, 17, 12, 19, 11, 18, 18]
[10, 16, 13, 13, 18, 13, 14, 11, 17, 10]
[13, 12, 13, 19, 14, 16, 14, 17, 12, 15]
[15, 17, 18, 14, 19, 20, 20, 10, 16, 15]
[19, 12, 13, 16, 20, 15, 14, 18, 14, 14]
[17, 19, 14, 14, 20, 14, 16, 18, 15, 18]
[20, 11, 11, 17, 10, 18, 18, 20, 11, 18]
[20, 18, 17, 12, 16, 14, 15, 11, 17, 17]
[17, 18, 10, 15, 15, 14, 18, 18, 17, 16]
number of nodes : 10
naive solution:
Done
[[1, 2, 6, 7, 4, 9, 8, 5, 10, 3, 1]]
119
Time of Program 1.29687905312
my solution:
Done
[[1, 2, 4, 5, 8, 9, 7, 6, 10, 3, 1], [1, 2, 4, 7, 6, 9, 8, 5, 10, 3, 1], [1, 2, 8, 5, 4, 9, 7, 6, 10, 3, 1]]
121
Time of Program 0.00303316116333
#######################################################
73 6
74 9
75 9
76 6
#######################################################
[17, 12, 15, 14, 15, 19]
[12, 18, 19, 11, 13, 20]
[15, 19, 19, 11, 14, 19]
[14, 11, 11, 10, 15, 11]
[15, 13, 14, 15, 19, 17]
[19, 20, 19, 11, 17, 16]
number of nodes : 6
naive solution:
Done
[[1, 2, 5, 6, 4, 3, 1]]
79
Time of Program 0.000405073165894
my solution:
Done
[[1, 2, 4, 6, 5, 3, 1], [1, 2, 5, 3, 4, 6, 1]]
80
Time of Program 0.000367879867554
#######################################################
77 8
78 7
79 10
80 9
81 10
82 7
83 6
84 8
85 8
86 9
87 10
88 9
89 6
90 9
91 8
92 9
93 10
94 10
95 7
96 7
97 10
#######################################################
[14, 19, 10, 12, 10, 17, 15, 13, 10, 16]
[19, 16, 15, 18, 14, 13, 13, 12, 11, 17]
[10, 15, 19, 17, 16, 10, 12, 11, 16, 10]
[12, 18, 17, 13, 11, 14, 14, 10, 16, 11]
[10, 14, 16, 11, 11, 12, 19, 10, 19, 17]
[17, 13, 10, 14, 12, 12, 16, 15, 17, 12]
[15, 13, 12, 14, 19, 16, 11, 16, 10, 20]
[13, 12, 11, 10, 10, 15, 16, 20, 17, 13]
[10, 11, 16, 16, 19, 17, 10, 17, 15, 12]
[16, 17, 10, 11, 17, 12, 20, 13, 12, 18]
number of nodes : 10
naive solution:
Done
[[1, 5, 8, 4, 10, 3, 6, 2, 7, 9, 1]]
107
Time of Program 1.20809793472
my solution:
Done
[[1, 3, 6, 2, 7, 9, 10, 4, 8, 5, 1], [1, 3, 7, 9, 2, 6, 10, 4, 8, 5, 1]]
109
Time of Program 0.00192093849182
#######################################################
98 7
#######################################################
[20, 19, 17, 13, 11, 12, 20]
[19, 12, 20, 18, 16, 12, 20]
[17, 20, 11, 12, 18, 17, 19]
[13, 18, 12, 19, 12, 13, 12]
[11, 16, 18, 12, 19, 14, 17]
[12, 12, 17, 13, 14, 18, 10]
[20, 20, 19, 12, 17, 10, 12]
number of nodes : 7
naive solution:
Done
[[1, 3, 4, 7, 6, 2, 5, 1]]
90
Time of Program 0.0021550655365
my solution:
Done
[[1, 5, 2, 3, 4, 7, 6, 1]]
93
Time of Program 0.000543832778931
#######################################################
99 6
100 8
