1 10
2 7
3 10
4 7
5 9
6 8
7 9
#######################################################
[0, 279, 432, 452, 338, 399, 458, 365, 441]
[279, 0, 323, 469, 327, 301, 345, 410, 337]
[432, 323, 0, 441, 417, 293, 434, 343, 384]
[452, 469, 441, 0, 349, 333, 289, 282, 380]
[338, 327, 417, 349, 0, 313, 395, 300, 286]
[399, 301, 293, 333, 313, 0, 462, 377, 477]
[458, 345, 434, 289, 395, 462, 0, 311, 292]
[365, 410, 343, 282, 300, 377, 311, 0, 407]
[441, 337, 384, 380, 286, 477, 292, 407, 0]
number of nodes : 9
naive solution:
Done
number of nodes: 4 sequence: 
[[1, 2, 3, 4, 1]]
distance: 1495
number of nodes: 5 sequence: 
[[1, 2, 3, 4, 5, 1]]
distance: 1730
number of nodes: 6 sequence: 
[[1, 2, 3, 6, 4, 5, 1]]
distance: 1915
number of nodes: 7 sequence: 
[[1, 2, 3, 6, 5, 4, 7, 1]]
distance: 2304
number of nodes: 8 sequence: 
[[1, 2, 3, 6, 5, 4, 7, 8, 1]]
distance: 2522
number of nodes: 9 sequence: 
[[1, 2, 6, 3, 8, 4, 7, 9, 5, 1]]
distance: 2703
Time of Program 0.123028993607
my solution:
Done
adding node4
[[1, 2, 3, 4, 1]]
distance :1495
adding node5
[[1, 2, 3, 4, 5, 1]]
distance :1730
adding node6
[[1, 2, 3, 6, 4, 5, 1]]
distance :1915
adding node7
[[1, 2, 3, 6, 4, 7, 5, 1]]
distance :2250
adding node8
[[1, 2, 3, 6, 4, 7, 8, 5, 1]]
distance :2466
adding node9
[[1, 2, 3, 6, 4, 8, 7, 9, 5, 1]]
distance :2737

Time of Program 0.00146508216858
#######################################################
8 6
9 6
10 9
#######################################################
[0, 262, 437, 374, 425, 481, 380, 404, 287]
[262, 0, 265, 374, 399, 287, 333, 295, 404]
[437, 265, 0, 417, 492, 467, 435, 347, 337]
[374, 374, 417, 0, 359, 302, 429, 284, 384]
[425, 399, 492, 359, 0, 487, 412, 467, 440]
[481, 287, 467, 302, 487, 0, 262, 394, 450]
[380, 333, 435, 429, 412, 262, 0, 480, 390]
[404, 295, 347, 284, 467, 394, 480, 0, 364]
[287, 404, 337, 384, 440, 450, 390, 364, 0]
number of nodes : 9
naive solution:
Done
number of nodes: 4 sequence: 
[[1, 2, 3, 4, 1]]
distance: 1318
number of nodes: 5 sequence: 
[[1, 2, 3, 4, 5, 1]]
distance: 1728
number of nodes: 6 sequence: 
[[1, 3, 2, 6, 4, 5, 1]]
distance: 2075
number of nodes: 7 sequence: 
[[1, 2, 3, 5, 4, 6, 7, 1]]
distance: 2322
number of nodes: 8 sequence: 
[[1, 2, 3, 8, 4, 5, 6, 7, 1]]
distance: 2646
number of nodes: 9 sequence: 
[[1, 2, 6, 7, 5, 4, 8, 3, 9, 1]]
distance: 2837
Time of Program 0.120193004608
my solution:
Done
adding node4
[[1, 2, 3, 4, 1]]
distance :1318
adding node5
[[1, 2, 3, 4, 5, 1]]
distance :1728
adding node6
[[1, 3, 2, 6, 4, 5, 1]]
distance :2075
adding node7
[[1, 2, 3, 7, 6, 4, 5, 1]]
distance :2310
adding node8
[[1, 2, 3, 8, 4, 6, 7, 5, 1]]
distance :2559
adding node9
[[1, 2, 3, 8, 4, 6, 7, 5, 9, 1]]
distance :2861

Time of Program 0.00128602981567
#######################################################
11 6
12 10
#######################################################
[0, 495, 429, 310, 422, 291, 419, 460, 442, 261]
[495, 0, 351, 482, 361, 266, 444, 262, 259, 496]
[429, 351, 0, 348, 494, 320, 409, 377, 461, 481]
[310, 482, 348, 0, 368, 382, 458, 400, 264, 271]
[422, 361, 494, 368, 0, 329, 429, 350, 372, 299]
[291, 266, 320, 382, 329, 0, 437, 493, 317, 450]
[419, 444, 409, 458, 429, 437, 0, 285, 335, 382]
[460, 262, 377, 400, 350, 493, 285, 0, 453, 393]
[442, 259, 461, 264, 372, 317, 335, 453, 0, 381]
[261, 496, 481, 271, 299, 450, 382, 393, 381, 0]
number of nodes : 10
naive solution:
Done
number of nodes: 4 sequence: 
[[1, 2, 3, 4, 1]]
distance: 1504
number of nodes: 5 sequence: 
[[1, 4, 3, 2, 5, 1]]
distance: 1792
number of nodes: 6 sequence: 
[[1, 4, 3, 2, 5, 6, 1]]
distance: 1990
number of nodes: 7 sequence: 
[[1, 4, 3, 2, 6, 5, 7, 1], [1, 4, 5, 6, 2, 3, 7, 1]]
distance: 2452
number of nodes: 8 sequence: 
[[1, 4, 3, 6, 5, 2, 8, 7, 1]]
distance: 2634
number of nodes: 9 sequence: 
[[1, 4, 3, 6, 5, 7, 8, 2, 9, 1], [1, 4, 5, 6, 3, 7, 8, 2, 9, 1]]
distance: 2984
number of nodes: 10 sequence: 
[[1, 4, 9, 2, 8, 7, 3, 6, 5, 10, 1]]
distance: 2998
Time of Program 1.17001605034
my solution:
Done
adding node4
[[1, 2, 3, 4, 1]]
distance :1504
adding node5
[[1, 4, 3, 2, 5, 1]]
distance :1792
adding node6
[[1, 4, 3, 2, 5, 6, 1]]
distance :1990
adding node7
[[1, 4, 3, 7, 5, 2, 6, 1]]
distance :2414
adding node8
[[1, 4, 3, 7, 8, 2, 5, 6, 1]]
distance :2595
adding node9
[[1, 4, 9, 2, 3, 7, 8, 5, 6, 1]]
distance :2848
adding node10
[[1, 4, 9, 2, 6, 3, 7, 8, 5, 10, 1]]
distance :3023

Time of Program 0.00172996520996
#######################################################
13 7
14 7
#######################################################
[0, 453, 457, 427, 497, 372, 346]
[453, 0, 308, 372, 468, 490, 479]
[457, 308, 0, 329, 489, 464, 369]
[427, 372, 329, 0, 298, 356, 266]
[497, 468, 489, 298, 0, 485, 431]
[372, 490, 464, 356, 485, 0, 500]
[346, 479, 369, 266, 431, 500, 0]
number of nodes : 7
naive solution:
Done
number of nodes: 4 sequence: 
[[1, 2, 3, 4, 1]]
distance: 1517
number of nodes: 5 sequence: 
[[1, 2, 3, 4, 5, 1]]
distance: 1885
number of nodes: 6 sequence: 
[[1, 2, 3, 4, 5, 6, 1]]
distance: 2245
number of nodes: 7 sequence: 
[[1, 6, 4, 5, 2, 3, 7, 1]]
distance: 2517
Time of Program 0.00206613540649
my solution:
Done
adding node4
[[1, 2, 3, 4, 1]]
distance :1517
adding node5
[[1, 2, 3, 4, 5, 1]]
distance :1885
adding node6
[[1, 2, 3, 4, 5, 6, 1]]
distance :2245
adding node7
[[1, 6, 3, 2, 5, 4, 7, 1]]
distance :2522

Time of Program 0.000600099563599
#######################################################
15 8
16 6
17 10
#######################################################
[0, 267, 381, 443, 313, 454, 351, 371, 328, 496]
[267, 0, 428, 500, 383, 354, 322, 431, 394, 319]
[381, 428, 0, 274, 279, 346, 459, 333, 362, 448]
[443, 500, 274, 0, 347, 375, 282, 448, 329, 328]
[313, 383, 279, 347, 0, 304, 438, 429, 426, 279]
[454, 354, 346, 375, 304, 0, 270, 272, 317, 328]
[351, 322, 459, 282, 438, 270, 0, 263, 318, 356]
[371, 431, 333, 448, 429, 272, 263, 0, 324, 363]
[328, 394, 362, 329, 426, 317, 318, 324, 0, 346]
[496, 319, 448, 328, 279, 328, 356, 363, 346, 0]
number of nodes : 10
naive solution:
Done
number of nodes: 4 sequence: 
[[1, 2, 3, 4, 1]]
distance: 1412
number of nodes: 5 sequence: 
[[1, 2, 3, 4, 5, 1]]
distance: 1629
number of nodes: 6 sequence: 
[[1, 2, 6, 3, 4, 5, 1]]
distance: 1901
number of nodes: 7 sequence: 
[[1, 2, 6, 5, 3, 4, 7, 1]]
distance: 2111
number of nodes: 8 sequence: 
[[1, 2, 7, 4, 3, 5, 6, 8, 1]]
distance: 2371
number of nodes: 9 sequence: 
[[1, 2, 7, 8, 6, 5, 3, 4, 9, 1]]
distance: 2638
number of nodes: 10 sequence: 
[[1, 2, 10, 5, 3, 4, 7, 8, 6, 9, 1]]
distance: 2880
Time of Program 1.20196199417
my solution:
Done
adding node4
[[1, 2, 3, 4, 1]]
distance :1412
adding node5
[[1, 2, 3, 4, 5, 1]]
distance :1629
adding node6
[[1, 2, 6, 4, 3, 5, 1]]
distance :1862
adding node7
[[1, 2, 6, 7, 4, 3, 5, 1]]
distance :2039
adding node8
[[1, 2, 6, 8, 7, 4, 3, 5, 1]]
distance :2304
adding node9
[[1, 2, 7, 8, 6, 9, 4, 3, 5, 1]]
distance :2636
adding node10
[[1, 2, 10, 9, 6, 8, 7, 4, 3, 5, 1]]
distance :2932

Time of Program 0.00189709663391
#######################################################
18 7
19 8
20 6
21 7
22 9
23 8
24 6
25 6
26 8
27 10
#######################################################
[0, 397, 414, 497, 461, 306, 326, 285, 280, 262]
[397, 0, 290, 462, 346, 397, 379, 277, 455, 380]
[414, 290, 0, 463, 341, 308, 450, 294, 285, 381]
[497, 462, 463, 0, 488, 487, 384, 475, 258, 436]
[461, 346, 341, 488, 0, 347, 301, 278, 332, 361]
[306, 397, 308, 487, 347, 0, 259, 286, 454, 493]
[326, 379, 450, 384, 301, 259, 0, 266, 374, 406]
[285, 277, 294, 475, 278, 286, 266, 0, 284, 423]
[280, 455, 285, 258, 332, 454, 374, 284, 0, 299]
[262, 380, 381, 436, 361, 493, 406, 423, 299, 0]
number of nodes : 10
naive solution:
Done
number of nodes: 4 sequence: 
[[1, 2, 3, 4, 1]]
distance: 1647
number of nodes: 5 sequence: 
[[1, 2, 3, 5, 4, 1]]
distance: 2013
number of nodes: 6 sequence: 
[[1, 4, 5, 2, 3, 6, 1]]
distance: 2235
number of nodes: 7 sequence: 
[[1, 6, 3, 2, 5, 4, 7, 1]]
distance: 2448
number of nodes: 8 sequence: 
[[1, 6, 7, 4, 2, 3, 5, 8, 1]]
distance: 2605
number of nodes: 9 sequence: 
[[1, 6, 3, 2, 8, 5, 7, 4, 9, 1]]
distance: 2682
number of nodes: 10 sequence: 
[[1, 6, 7, 5, 8, 2, 3, 9, 4, 10, 1]]
distance: 2952
Time of Program 1.17918205261
my solution:
Done
adding node4
[[1, 2, 3, 4, 1]]
distance :1647
adding node5
[[1, 2, 3, 5, 4, 1]]
distance :2013
adding node6
[[1, 4, 5, 2, 3, 6, 1]]
distance :2235
adding node7
[[1, 4, 7, 5, 2, 3, 6, 1]]
distance :2432
adding node8
[[1, 6, 7, 4, 3, 2, 5, 8, 1]]
distance :2611
adding node9
[[1, 8, 5, 2, 3, 6, 7, 4, 9, 1]]
distance :2688
adding node10
[[1, 9, 4, 7, 6, 3, 2, 8, 5, 10, 1]]
distance :2957

Time of Program 0.00157999992371
#######################################################
28 10
29 10
#######################################################
[0, 464, 324, 324, 353, 254, 497, 303, 466, 477]
[464, 0, 273, 351, 322, 259, 321, 334, 309, 395]
[324, 273, 0, 298, 485, 480, 417, 487, 353, 304]
[324, 351, 298, 0, 281, 404, 330, 467, 463, 446]
[353, 322, 485, 281, 0, 381, 365, 381, 299, 456]
[254, 259, 480, 404, 381, 0, 358, 414, 333, 482]
[497, 321, 417, 330, 365, 358, 0, 422, 434, 416]
[303, 334, 487, 467, 381, 414, 422, 0, 268, 321]
[466, 309, 353, 463, 299, 333, 434, 268, 0, 251]
[477, 395, 304, 446, 456, 482, 416, 321, 251, 0]
number of nodes : 10
naive solution:
Done
number of nodes: 4 sequence: 
[[1, 3, 2, 4, 1]]
distance: 1272
number of nodes: 5 sequence: 
[[1, 3, 2, 5, 4, 1]]
distance: 1524
number of nodes: 6 sequence: 
[[1, 5, 4, 3, 2, 6, 1]]
distance: 1718
number of nodes: 7 sequence: 
[[1, 5, 4, 3, 2, 7, 6, 1]]
distance: 2138
number of nodes: 8 sequence: 
[[1, 6, 2, 3, 4, 5, 7, 8, 1]]
distance: 2455
number of nodes: 9 sequence: 
[[1, 6, 2, 3, 4, 7, 5, 9, 8, 1]]
distance: 2649
number of nodes: 10 sequence: 
[[1, 6, 2, 7, 5, 4, 3, 10, 9, 8, 1]]
distance: 2904
Time of Program 1.13137793541
my solution:
Done
adding node4
[[1, 3, 2, 4, 1]]
distance :1272
adding node5
[[1, 3, 2, 5, 4, 1]]
distance :1524
adding node6
[[1, 5, 4, 3, 2, 6, 1]]
distance :1718
adding node7
[[1, 3, 4, 5, 7, 2, 6, 1]]
distance :2102
adding node8
[[1, 6, 2, 3, 4, 5, 7, 8, 1]]
distance :2455
adding node9
[[1, 6, 2, 3, 4, 7, 5, 9, 8, 1]]
distance :2649
adding node10
[[1, 6, 2, 3, 4, 7, 5, 9, 10, 8, 1]]
distance :2953

Time of Program 0.00174593925476
#######################################################
30 8
31 10
32 7
33 9
34 8
35 8
36 6
37 6
38 7
39 8
40 8
41 8
42 10
43 8
44 9
45 9
46 9
#######################################################
[0, 472, 274, 436, 297, 353, 297, 351, 271]
[472, 0, 406, 391, 492, 323, 479, 361, 322]
[274, 406, 0, 419, 272, 262, 346, 395, 486]
[436, 391, 419, 0, 272, 297, 266, 490, 345]
[297, 492, 272, 272, 0, 275, 488, 374, 366]
[353, 323, 262, 297, 275, 0, 448, 386, 413]
[297, 479, 346, 266, 488, 448, 0, 394, 265]
[351, 361, 395, 490, 374, 386, 394, 0, 391]
[271, 322, 486, 345, 366, 413, 265, 391, 0]
number of nodes : 9
naive solution:
Done
number of nodes: 4 sequence: 
[[1, 3, 2, 4, 1]]
distance: 1507
number of nodes: 5 sequence: 
[[1, 3, 2, 4, 5, 1]]
distance: 1640
number of nodes: 6 sequence: 
[[1, 3, 2, 6, 4, 5, 1]]
distance: 1869
number of nodes: 7 sequence: 
[[1, 3, 5, 6, 2, 4, 7, 1]]
distance: 2098
number of nodes: 8 sequence: 
[[1, 7, 4, 5, 3, 6, 2, 8, 1]]
distance: 2404
number of nodes: 9 sequence: 
[[1, 8, 2, 6, 3, 5, 4, 7, 9, 1]]
distance: 2643
Time of Program 0.120964050293
my solution:
Done
adding node4
[[1, 3, 2, 4, 1]]
distance :1507
adding node5
[[1, 3, 2, 4, 5, 1]]
distance :1640
adding node6
[[1, 3, 6, 2, 4, 5, 1]]
distance :1819
adding node7
[[1, 3, 5, 6, 2, 4, 7, 1]]
distance :2098
adding node8
[[1, 3, 6, 2, 8, 5, 4, 7, 1]]
distance :2429
adding node9
[[1, 3, 6, 2, 8, 5, 4, 7, 9, 1]]
distance :2668

Time of Program 0.00134015083313
#######################################################
47 8
48 7
49 7
50 10
51 9
#######################################################
[0, 268, 270, 353, 385, 300, 352, 291, 431]
[268, 0, 468, 489, 264, 268, 271, 316, 413]
[270, 468, 0, 382, 311, 334, 442, 337, 346]
[353, 489, 382, 0, 425, 455, 348, 450, 279]
[385, 264, 311, 425, 0, 320, 270, 356, 257]
[300, 268, 334, 455, 320, 0, 262, 340, 399]
[352, 271, 442, 348, 270, 262, 0, 358, 359]
[291, 316, 337, 450, 356, 340, 358, 0, 438]
[431, 413, 346, 279, 257, 399, 359, 438, 0]
number of nodes : 9
naive solution:
Done
number of nodes: 4 sequence: 
[[1, 2, 4, 3, 1]]
distance: 1409
number of nodes: 5 sequence: 
[[1, 2, 5, 3, 4, 1]]
distance: 1578
number of nodes: 6 sequence: 
[[1, 4, 3, 5, 2, 6, 1]]
distance: 1878
number of nodes: 7 sequence: 
[[1, 2, 5, 3, 4, 7, 6, 1]]
distance: 2135
number of nodes: 8 sequence: 
[[1, 3, 4, 7, 5, 2, 6, 8, 1]]
distance: 2433
number of nodes: 9 sequence: 
[[1, 3, 4, 9, 5, 7, 6, 2, 8, 1]]
distance: 2595
Time of Program 0.121365070343
my solution:
Done
adding node4
[[1, 2, 4, 3, 1]]
distance :1409
adding node5
[[1, 2, 5, 3, 4, 1]]
distance :1578
adding node6
[[1, 4, 3, 5, 2, 6, 1]]
distance :1878
adding node7
[[1, 3, 5, 2, 6, 7, 4, 1]]
distance :2076
adding node8
[[1, 3, 4, 7, 5, 2, 6, 8, 1]]
distance :2433
adding node9
[[1, 3, 4, 9, 5, 2, 7, 6, 8, 1]]
distance :2616

Time of Program 0.00123500823975
#######################################################
52 9
53 8
54 9
55 7
56 8
57 10
#######################################################
[0, 382, 481, 460, 313, 361, 296, 493, 290, 476]
[382, 0, 483, 283, 399, 447, 392, 262, 375, 346]
[481, 483, 0, 332, 472, 293, 300, 292, 314, 479]
[460, 283, 332, 0, 384, 336, 319, 467, 261, 313]
[313, 399, 472, 384, 0, 334, 276, 385, 306, 397]
[361, 447, 293, 336, 334, 0, 258, 375, 299, 298]
[296, 392, 300, 319, 276, 258, 0, 296, 286, 273]
[493, 262, 292, 467, 385, 375, 296, 0, 455, 298]
[290, 375, 314, 261, 306, 299, 286, 455, 0, 450]
[476, 346, 479, 313, 397, 298, 273, 298, 450, 0]
number of nodes : 10
naive solution:
Done
number of nodes: 4 sequence: 
[[1, 2, 4, 3, 1]]
distance: 1478
number of nodes: 5 sequence: 
[[1, 2, 4, 3, 5, 1]]
distance: 1782
number of nodes: 6 sequence: 
[[1, 2, 4, 3, 6, 5, 1]]
distance: 1937
number of nodes: 7 sequence: 
[[1, 5, 2, 4, 3, 6, 7, 1]]
distance: 2174
number of nodes: 8 sequence: 
[[1, 5, 6, 3, 4, 2, 8, 7, 1]]
distance: 2409
number of nodes: 9 sequence: 
[[1, 5, 7, 6, 3, 8, 2, 4, 9, 1]]
distance: 2528
number of nodes: 10 sequence: 
[[1, 5, 7, 10, 6, 3, 8, 2, 4, 9, 1]]
distance: 2841
Time of Program 1.14755702019
my solution:
Done
adding node4
[[1, 2, 4, 3, 1]]
distance :1478
adding node5
[[1, 2, 4, 3, 5, 1]]
distance :1782
adding node6
[[1, 2, 4, 3, 6, 5, 1]]
distance :1937
adding node7
[[1, 2, 4, 3, 6, 7, 5, 1]]
distance :2137
adding node8
[[1, 5, 6, 3, 4, 2, 8, 7, 1]]
distance :2409
adding node9
[[1, 5, 9, 4, 2, 8, 3, 6, 7, 1]]
distance :2564
adding node10
[[1, 5, 9, 4, 2, 8, 3, 6, 10, 7, 1]]
distance :2877

Time of Program 0.00180888175964
#######################################################
58 8
59 6
60 8
61 9
#######################################################
[0, 409, 491, 342, 295, 402, 308, 490, 417]
[409, 0, 316, 347, 430, 409, 265, 397, 485]
[491, 316, 0, 289, 334, 348, 455, 369, 468]
[342, 347, 289, 0, 462, 372, 258, 326, 429]
[295, 430, 334, 462, 0, 497, 492, 451, 336]
[402, 409, 348, 372, 497, 0, 468, 296, 456]
[308, 265, 455, 258, 492, 468, 0, 384, 273]
[490, 397, 369, 326, 451, 296, 384, 0, 375]
[417, 485, 468, 429, 336, 456, 273, 375, 0]
number of nodes : 9
naive solution:
Done
number of nodes: 4 sequence: 
[[1, 2, 3, 4, 1]]
distance: 1356
number of nodes: 5 sequence: 
[[1, 4, 2, 3, 5, 1]]
distance: 1634
number of nodes: 6 sequence: 
[[1, 5, 3, 2, 4, 6, 1]]
distance: 2066
number of nodes: 7 sequence: 
[[1, 5, 3, 6, 4, 2, 7, 1]]
distance: 2269
number of nodes: 8 sequence: 
[[1, 5, 3, 2, 7, 4, 6, 8, 1]]
distance: 2626
number of nodes: 9 sequence: 
[[1, 4, 8, 6, 3, 2, 7, 9, 5, 1]]
distance: 2797
Time of Program 0.119786024094
my solution:
Done
adding node4
[[1, 2, 3, 4, 1]]
distance :1356
adding node5
[[1, 4, 2, 3, 5, 1]]
distance :1634
adding node6
[[1, 5, 3, 2, 4, 6, 1]]
distance :2066
adding node7
[[1, 5, 3, 2, 7, 4, 6, 1]]
distance :2242
adding node8
[[1, 5, 3, 2, 7, 4, 8, 6, 1]]
distance :2492
adding node9
[[1, 5, 9, 7, 2, 3, 4, 8, 6, 1]]
distance :2798

Time of Program 0.00127482414246
#######################################################
62 7
63 9
64 7
65 7
66 8
67 8
68 9
69 6
70 10
71 6
72 8
73 10
74 6
75 9
76 7
77 7
78 6
79 9
80 10
#######################################################
[0, 294, 364, 281, 450, 314, 304, 355, 395, 412]
[294, 0, 336, 400, 260, 420, 399, 404, 330, 391]
[364, 336, 0, 263, 350, 472, 381, 486, 324, 497]
[281, 400, 263, 0, 378, 402, 466, 495, 315, 266]
[450, 260, 350, 378, 0, 458, 376, 467, 342, 394]
[314, 420, 472, 402, 458, 0, 471, 446, 355, 262]
[304, 399, 381, 466, 376, 471, 0, 342, 271, 275]
[355, 404, 486, 495, 467, 446, 342, 0, 422, 297]
[395, 330, 324, 315, 342, 355, 271, 422, 0, 377]
[412, 391, 497, 266, 394, 262, 275, 297, 377, 0]
number of nodes : 10
naive solution:
Done
number of nodes: 4 sequence: 
[[1, 2, 3, 4, 1]]
distance: 1174
number of nodes: 5 sequence: 
[[1, 2, 5, 3, 4, 1]]
distance: 1448
number of nodes: 6 sequence: 
[[1, 2, 5, 3, 4, 6, 1]]
distance: 1883
number of nodes: 7 sequence: 
[[1, 6, 4, 3, 2, 5, 7, 1]]
distance: 2255
number of nodes: 8 sequence: 
[[1, 6, 4, 3, 5, 2, 8, 7, 1]]
distance: 2639
number of nodes: 9 sequence: 
[[1, 6, 4, 3, 2, 5, 9, 7, 8, 1]]
distance: 2885
number of nodes: 10 sequence: 
[[1, 2, 5, 3, 4, 9, 7, 8, 10, 6, 1], [1, 4, 3, 2, 5, 9, 7, 8, 10, 6, 1]]
distance: 2968
Time of Program 1.27209591866
my solution:
Done
adding node4
[[1, 2, 3, 4, 1]]
distance :1174
adding node5
[[1, 2, 5, 3, 4, 1]]
distance :1448
adding node6
[[1, 2, 5, 3, 4, 6, 1]]
distance :1883
adding node7
[[1, 6, 4, 3, 2, 5, 7, 1]]
distance :2255
adding node8
[[1, 4, 3, 2, 5, 7, 8, 6, 1]]
distance :2618
adding node9
[[1, 4, 3, 2, 5, 9, 7, 8, 6, 1]]
distance :2855
adding node10
[[1, 4, 3, 2, 5, 9, 7, 8, 10, 6, 1]]
distance :2968

Time of Program 0.00182509422302
#######################################################
81 8
82 6
#######################################################
[0, 477, 352, 251, 347, 407]
[477, 0, 396, 349, 318, 364]
[352, 396, 0, 311, 410, 297]
[251, 349, 311, 0, 394, 451]
[347, 318, 410, 394, 0, 256]
[407, 364, 297, 451, 256, 0]
number of nodes : 6
naive solution:
Done
number of nodes: 4 sequence: 
[[1, 3, 2, 4, 1]]
distance: 1348
number of nodes: 5 sequence: 
[[1, 4, 3, 2, 5, 1]]
distance: 1623
number of nodes: 6 sequence: 
[[1, 3, 6, 5, 2, 4, 1]]
distance: 1823
Time of Program 0.000385046005249
my solution:
Done
adding node4
[[1, 3, 2, 4, 1]]
distance :1348
adding node5
[[1, 4, 3, 2, 5, 1]]
distance :1623
adding node6
[[1, 4, 3, 6, 2, 5, 1]]
distance :1888

Time of Program 0.0003821849823
#######################################################
83 9
84 10
#######################################################
[0, 367, 459, 284, 393, 335, 486, 291, 481, 356]
[367, 0, 359, 365, 300, 267, 438, 359, 313, 462]
[459, 359, 0, 257, 495, 341, 453, 455, 464, 339]
[284, 365, 257, 0, 497, 465, 355, 429, 257, 274]
[393, 300, 495, 497, 0, 313, 302, 403, 324, 395]
[335, 267, 341, 465, 313, 0, 342, 306, 466, 462]
[486, 438, 453, 355, 302, 342, 0, 396, 343, 323]
[291, 359, 455, 429, 403, 306, 396, 0, 493, 383]
[481, 313, 464, 257, 324, 466, 343, 493, 0, 254]
[356, 462, 339, 274, 395, 462, 323, 383, 254, 0]
number of nodes : 10
naive solution:
Done
number of nodes: 4 sequence: 
[[1, 2, 3, 4, 1]]
distance: 1267
number of nodes: 5 sequence: 
[[1, 4, 3, 2, 5, 1]]
distance: 1593
number of nodes: 6 sequence: 
[[1, 4, 3, 2, 5, 6, 1]]
distance: 1848
number of nodes: 7 sequence: 
[[1, 4, 3, 2, 5, 7, 6, 1]]
distance: 2179
number of nodes: 8 sequence: 
[[1, 4, 3, 6, 2, 5, 7, 8, 1]]
distance: 2438
number of nodes: 9 sequence: 
[[1, 4, 3, 6, 2, 5, 9, 7, 8, 1]]
distance: 2803
number of nodes: 10 sequence: 
[[1, 4, 3, 10, 9, 7, 5, 2, 6, 8, 1]]
distance: 2943
Time of Program 1.23897385597
my solution:
Done
adding node4
[[1, 2, 3, 4, 1]]
distance :1267
adding node5
[[1, 4, 3, 2, 5, 1]]
distance :1593
adding node6
[[1, 4, 3, 6, 2, 5, 1]]
distance :1842
adding node7
[[1, 2, 5, 7, 6, 3, 4, 1]]
distance :2193
adding node8
[[1, 4, 3, 6, 2, 5, 7, 8, 1]]
distance :2438
adding node9
[[1, 2, 5, 7, 9, 4, 3, 6, 8, 1]]
distance :2764
adding node10
[[1, 2, 5, 7, 10, 9, 4, 3, 6, 8, 1]]
distance :2998

Time of Program 0.00180888175964
#######################################################
85 6
86 7
87 10
#######################################################
[0, 263, 490, 283, 302, 268, 258, 267, 374, 471]
[263, 0, 487, 486, 357, 393, 445, 407, 348, 402]
[490, 487, 0, 363, 278, 457, 473, 348, 393, 282]
[283, 486, 363, 0, 270, 418, 332, 266, 284, 252]
[302, 357, 278, 270, 0, 463, 430, 495, 380, 486]
[268, 393, 457, 418, 463, 0, 366, 343, 413, 348]
[258, 445, 473, 332, 430, 366, 0, 482, 432, 280]
[267, 407, 348, 266, 495, 343, 482, 0, 375, 372]
[374, 348, 393, 284, 380, 413, 432, 375, 0, 316]
[471, 402, 282, 252, 486, 348, 280, 372, 316, 0]
number of nodes : 10
naive solution:
Done
number of nodes: 4 sequence: 
[[1, 2, 3, 4, 1]]
distance: 1396
number of nodes: 5 sequence: 
[[1, 2, 5, 3, 4, 1]]
distance: 1544
number of nodes: 6 sequence: 
[[1, 4, 3, 5, 2, 6, 1]]
distance: 1942
number of nodes: 7 sequence: 
[[1, 2, 5, 3, 4, 7, 6, 1]]
distance: 2227
number of nodes: 8 sequence: 
[[1, 2, 5, 3, 4, 8, 6, 7, 1]]
distance: 2494
number of nodes: 9 sequence: 
[[1, 7, 6, 2, 5, 3, 8, 4, 9, 1]]
distance: 2924
number of nodes: 10 sequence: 
[[1, 6, 8, 4, 9, 2, 5, 3, 10, 7, 1]]
distance: 2964
Time of Program 1.26638507843
my solution:
Done
adding node4
[[1, 2, 3, 4, 1]]
distance :1396
adding node5
[[1, 2, 5, 3, 4, 1]]
distance :1544
adding node6
[[1, 4, 3, 5, 2, 6, 1]]
distance :1942
adding node7
[[1, 2, 5, 3, 4, 7, 6, 1]]
distance :2227
adding node8
[[1, 2, 5, 3, 8, 4, 7, 6, 1]]
distance :2478
adding node9
[[1, 2, 5, 3, 8, 4, 9, 6, 7, 1]]
distance :2833
adding node10
[[1, 2, 5, 3, 10, 9, 4, 8, 6, 7, 1]]
distance :3013

Time of Program 0.00181603431702
#######################################################
88 8
89 8
90 10
91 8
92 10
93 8
94 10
95 6
96 10
#######################################################
[0, 448, 379, 394, 260, 295, 262, 351, 431, 388]
[448, 0, 302, 304, 397, 306, 300, 402, 337, 302]
[379, 302, 0, 483, 315, 474, 376, 422, 403, 391]
[394, 304, 483, 0, 396, 414, 374, 386, 364, 326]
[260, 397, 315, 396, 0, 417, 476, 422, 312, 298]
[295, 306, 474, 414, 417, 0, 304, 490, 431, 470]
[262, 300, 376, 374, 476, 304, 0, 326, 460, 498]
[351, 402, 422, 386, 422, 490, 326, 0, 305, 493]
[431, 337, 403, 364, 312, 431, 460, 305, 0, 379]
[388, 302, 391, 326, 298, 470, 498, 493, 379, 0]
number of nodes : 10
naive solution:
Done
number of nodes: 4 sequence: 
[[1, 3, 2, 4, 1]]
distance: 1379
number of nodes: 5 sequence: 
[[1, 4, 2, 3, 5, 1]]
distance: 1575
number of nodes: 6 sequence: 
[[1, 5, 3, 2, 4, 6, 1]]
distance: 1890
number of nodes: 7 sequence: 
[[1, 5, 3, 2, 4, 7, 6, 1]]
distance: 2154
number of nodes: 8 sequence: 
[[1, 5, 3, 2, 6, 4, 8, 7, 1]]
distance: 2571
number of nodes: 9 sequence: 
[[1, 6, 7, 4, 2, 3, 5, 9, 8, 1]]
distance: 2862
number of nodes: 10 sequence: 
[[1, 5, 3, 2, 10, 4, 9, 8, 7, 6, 1], [1, 6, 2, 3, 5, 10, 4, 9, 8, 7, 1]]
distance: 3099
Time of Program 1.37253808975
my solution:
Done
adding node4
[[1, 3, 2, 4, 1]]
distance :1379
adding node5
[[1, 4, 2, 3, 5, 1]]
distance :1575
adding node6
[[1, 5, 3, 2, 4, 6, 1]]
distance :1890
adding node7
[[1, 5, 3, 2, 4, 7, 6, 1]]
distance :2154
adding node8
[[1, 5, 3, 2, 4, 8, 7, 6, 1]]
distance :2492
adding node9
[[1, 5, 3, 2, 4, 9, 8, 7, 6, 1]]
distance :2775
adding node10
[[1, 5, 3, 2, 10, 4, 9, 8, 7, 6, 1]]
distance :3099

Time of Program 0.00196290016174
#######################################################
97 7
#######################################################
[0, 460, 467, 371, 410, 376, 471]
[460, 0, 306, 450, 336, 329, 417]
[467, 306, 0, 264, 442, 330, 411]
[371, 450, 264, 0, 360, 462, 425]
[410, 336, 442, 360, 0, 455, 405]
[376, 329, 330, 462, 455, 0, 346]
[471, 417, 411, 425, 405, 346, 0]
number of nodes : 7
naive solution:
Done
number of nodes: 4 sequence: 
[[1, 2, 3, 4, 1]]
distance: 1401
number of nodes: 5 sequence: 
[[1, 4, 3, 2, 5, 1]]
distance: 1687
number of nodes: 6 sequence: 
[[1, 5, 4, 3, 2, 6, 1]]
distance: 2045
number of nodes: 7 sequence: 
[[1, 4, 3, 2, 5, 7, 6, 1]]
distance: 2404
Time of Program 0.00206708908081
my solution:
Done
adding node4
[[1, 2, 3, 4, 1]]
distance :1401
adding node5
[[1, 4, 3, 2, 5, 1]]
distance :1687
adding node6
[[1, 4, 3, 6, 2, 5, 1]]
distance :2040
adding node7
[[1, 4, 3, 2, 6, 7, 5, 1]]
distance :2431

Time of Program 0.000602006912231
#######################################################
98 7
99 9
100 8
#######################################################
[0, 399, 295, 492, 374, 278, 353, 456]
[399, 0, 400, 311, 445, 417, 352, 269]
[295, 400, 0, 278, 430, 296, 282, 448]
[492, 311, 278, 0, 442, 450, 477, 277]
[374, 445, 430, 442, 0, 463, 251, 286]
[278, 417, 296, 450, 463, 0, 346, 351]
[353, 352, 282, 477, 251, 346, 0, 377]
[456, 269, 448, 277, 286, 351, 377, 0]
number of nodes : 8
naive solution:
Done
number of nodes: 4 sequence: 
[[1, 2, 4, 3, 1]]
distance: 1283
number of nodes: 5 sequence: 
[[1, 3, 4, 2, 5, 1]]
distance: 1703
number of nodes: 6 sequence: 
[[1, 5, 2, 4, 3, 6, 1]]
distance: 1982
number of nodes: 7 sequence: 
[[1, 3, 4, 2, 5, 7, 6, 1]]
distance: 2204
number of nodes: 8 sequence: 
[[1, 3, 4, 2, 8, 5, 7, 6, 1]]
distance: 2314
Time of Program 0.0146181583405
my solution:
Done
adding node4
[[1, 2, 4, 3, 1]]
distance :1283
adding node5
[[1, 3, 4, 2, 5, 1]]
distance :1703
adding node6
[[1, 5, 2, 4, 3, 6, 1]]
distance :1982
adding node7
[[1, 5, 7, 2, 4, 3, 6, 1]]
distance :2140
adding node8
[[1, 6, 3, 4, 2, 8, 5, 7, 1]]
distance :2322

Time of Program 0.000746965408325
#######################################################
18
