1 10
#######################################################
[0, 454, 418, 646, 981, 67, 151, 618, 416, 588]
[454, 0, 275, 530, 252, 89, 816, 295, 901, 774]
[418, 275, 0, 449, 651, 660, 357, 910, 269, 946]
[646, 530, 449, 0, 435, 500, 67, 253, 283, 377]
[981, 252, 651, 435, 0, 662, 742, 45, 250, 698]
[67, 89, 660, 500, 662, 0, 157, 590, 705, 28]
[151, 816, 357, 67, 742, 157, 0, 985, 287, 968]
[618, 295, 910, 253, 45, 590, 985, 0, 90, 958]
[416, 901, 269, 283, 250, 705, 287, 90, 0, 502]
[588, 774, 946, 377, 698, 28, 968, 958, 502, 0]
number of nodes : 10
naive solution:
Done
[[1, 3, 9, 8, 5, 2, 6, 10, 4, 7, 1]]
1786
Time of Program 1.1689620018
my solution:
Done
[[1, 3, 2, 5, 8, 9, 7, 4, 10, 6, 1]]
1906
Time of Program 0.00115299224854
#######################################################
2 10
#######################################################
[0, 895, 293, 969, 505, 466, 976, 464, 399, 537]
[895, 0, 144, 590, 569, 197, 758, 257, 504, 540]
[293, 144, 0, 647, 441, 392, 79, 776, 476, 879]
[969, 590, 647, 0, 356, 264, 957, 340, 878, 601]
[505, 569, 441, 356, 0, 425, 885, 131, 170, 74]
[466, 197, 392, 264, 425, 0, 770, 482, 853, 905]
[976, 758, 79, 957, 885, 770, 0, 167, 89, 882]
[464, 257, 776, 340, 131, 482, 167, 0, 606, 818]
[399, 504, 476, 878, 170, 853, 89, 606, 0, 734]
[537, 540, 879, 601, 74, 905, 882, 818, 734, 0]
number of nodes : 10
naive solution:
Done
[[1, 9, 7, 3, 2, 6, 4, 8, 5, 10, 1]]
2254
Time of Program 1.18115186691
my solution:
Done
[[1, 3, 7, 9, 5, 10, 4, 6, 2, 8, 1]]
2488
Time of Program 0.00118803977966
#######################################################
3 10
#######################################################
[0, 174, 553, 979, 11, 338, 674, 25, 234, 842]
[174, 0, 567, 662, 481, 244, 723, 907, 40, 689]
[553, 567, 0, 818, 580, 608, 854, 492, 677, 127]
[979, 662, 818, 0, 974, 717, 218, 526, 177, 366]
[11, 481, 580, 974, 0, 100, 194, 460, 178, 604]
[338, 244, 608, 717, 100, 0, 223, 217, 821, 653]
[674, 723, 854, 218, 194, 223, 0, 746, 548, 783]
[25, 907, 492, 526, 460, 217, 746, 0, 537, 30]
[234, 40, 677, 177, 178, 821, 548, 537, 0, 852]
[842, 689, 127, 366, 604, 653, 783, 30, 852, 0]
number of nodes : 10
naive solution:
Done
[[1, 5, 6, 7, 4, 9, 2, 3, 10, 8, 1]]
1518
Time of Program 1.24743795395
my solution:
Done
[[1, 5, 7, 4, 9, 2, 6, 3, 10, 8, 1]]
1674
Time of Program 0.00129890441895
#######################################################
4 10
#######################################################
[0, 743, 336, 628, 488, 359, 241, 555, 313, 710]
[743, 0, 47, 899, 487, 301, 595, 466, 439, 450]
[336, 47, 0, 455, 413, 392, 356, 408, 130, 449]
[628, 899, 455, 0, 404, 235, 12, 691, 904, 636]
[488, 487, 413, 404, 0, 685, 432, 968, 652, 887]
[359, 301, 392, 235, 685, 0, 646, 147, 944, 842]
[241, 595, 356, 12, 432, 646, 0, 457, 93, 327]
[555, 466, 408, 691, 968, 147, 457, 0, 211, 135]
[313, 439, 130, 904, 652, 944, 93, 211, 0, 862]
[710, 450, 449, 636, 887, 842, 327, 135, 862, 0]
number of nodes : 10
naive solution:
Done
[[1, 5, 4, 7, 9, 3, 2, 10, 8, 6, 1]]
2265
Time of Program 1.17249512672
my solution:
Done
[[1, 5, 2, 3, 10, 8, 6, 4, 7, 9, 1]]
2406
Time of Program 0.00117778778076
#######################################################
5 10
6 10
7 10
#######################################################
[0, 340, 853, 159, 189, 3, 184, 208, 308, 276]
[340, 0, 700, 636, 362, 22, 883, 728, 251, 905]
[853, 700, 0, 66, 308, 896, 672, 553, 494, 375]
[159, 636, 66, 0, 264, 707, 593, 447, 643, 120]
[189, 362, 308, 264, 0, 590, 954, 377, 449, 745]
[3, 22, 896, 707, 590, 0, 52, 693, 626, 392]
[184, 883, 672, 593, 954, 52, 0, 566, 293, 311]
[208, 728, 553, 447, 377, 693, 566, 0, 270, 695]
[308, 251, 494, 643, 449, 626, 293, 270, 0, 955]
[276, 905, 375, 120, 745, 392, 311, 695, 955, 0]
number of nodes : 10
naive solution:
Done
[[1, 5, 3, 4, 10, 7, 6, 2, 9, 8, 1]]
1797
Time of Program 1.43491888046
my solution:
Done
[[1, 7, 6, 2, 9, 8, 5, 3, 4, 10, 1]]
1926
Time of Program 0.000905990600586
#######################################################
8 10
#######################################################
[0, 306, 971, 385, 761, 385, 512, 581, 895, 117]
[306, 0, 181, 92, 594, 105, 998, 782, 78, 107]
[971, 181, 0, 985, 236, 68, 185, 490, 956, 234]
[385, 92, 985, 0, 452, 558, 865, 209, 836, 566]
[761, 594, 236, 452, 0, 445, 272, 363, 475, 118]
[385, 105, 68, 558, 445, 0, 480, 645, 646, 887]
[512, 998, 185, 865, 272, 480, 0, 746, 63, 335]
[581, 782, 490, 209, 363, 645, 746, 0, 664, 942]
[895, 78, 956, 836, 475, 646, 63, 664, 0, 323]
[117, 107, 234, 566, 118, 887, 335, 942, 323, 0]
number of nodes : 10
naive solution:
Done
[[1, 6, 3, 7, 9, 2, 4, 8, 5, 10, 1]]
1678
Time of Program 1.26517295837
my solution:
Done
[[1, 6, 3, 8, 4, 2, 9, 7, 5, 10, 1]]
1892
Time of Program 0.00108098983765
#######################################################
9 10
#######################################################
[0, 857, 311, 829, 145, 524, 234, 366, 558, 19]
[857, 0, 204, 941, 525, 894, 896, 749, 825, 817]
[311, 204, 0, 403, 424, 406, 598, 590, 236, 569]
[829, 941, 403, 0, 408, 522, 677, 489, 47, 985]
[145, 525, 424, 408, 0, 214, 949, 469, 769, 221]
[524, 894, 406, 522, 214, 0, 926, 993, 486, 204]
[234, 896, 598, 677, 949, 926, 0, 812, 465, 730]
[366, 749, 590, 489, 469, 993, 812, 0, 241, 527]
[558, 825, 236, 47, 769, 486, 465, 241, 0, 911]
[19, 817, 569, 985, 221, 204, 730, 527, 911, 0]
number of nodes : 10
naive solution:
Done
[[1, 7, 8, 9, 4, 3, 2, 5, 6, 10, 1]]
2903
Time of Program 1.32097101212
my solution:
Done
[[1, 7, 9, 4, 8, 2, 3, 6, 5, 10, 1]]
3048
Time of Program 0.00121212005615
#######################################################
10 10
#######################################################
[0, 79, 663, 578, 251, 616, 622, 270, 307, 681]
[79, 0, 698, 303, 436, 300, 847, 981, 862, 654]
[663, 698, 0, 252, 691, 527, 215, 775, 620, 155]
[578, 303, 252, 0, 333, 560, 3, 721, 813, 325]
[251, 436, 691, 333, 0, 959, 492, 87, 835, 381]
[616, 300, 527, 560, 959, 0, 50, 195, 394, 220]
[622, 847, 215, 3, 492, 50, 0, 822, 813, 642]
[270, 981, 775, 721, 87, 195, 822, 0, 368, 857]
[307, 862, 620, 813, 835, 394, 813, 368, 0, 774]
[681, 654, 155, 325, 381, 220, 642, 857, 774, 0]
number of nodes : 10
naive solution:
Done
[[1, 2, 6, 7, 4, 3, 10, 5, 8, 9, 1]]
1982
Time of Program 1.34330511093
my solution:
Done
[[1, 2, 4, 7, 3, 10, 6, 9, 8, 5, 1]]
2075
Time of Program 0.00127696990967
#######################################################
11 10
#######################################################
[0, 176, 489, 636, 917, 204, 194, 944, 554, 808]
[176, 0, 111, 173, 20, 726, 528, 191, 470, 676]
[489, 111, 0, 325, 537, 247, 622, 483, 532, 720]
[636, 173, 325, 0, 479, 670, 228, 482, 811, 87]
[917, 20, 537, 479, 0, 373, 999, 970, 403, 393]
[204, 726, 247, 670, 373, 0, 814, 233, 640, 591]
[194, 528, 622, 228, 999, 814, 0, 136, 15, 4]
[944, 191, 483, 482, 970, 233, 136, 0, 300, 238]
[554, 470, 532, 811, 403, 640, 15, 300, 0, 168]
[808, 676, 720, 87, 393, 591, 4, 238, 168, 0]
number of nodes : 10
naive solution:
Done
[[1, 6, 8, 10, 4, 3, 2, 5, 9, 7, 1]]
1830
Time of Program 1.3763628006
my solution:
Done
[[1, 6, 5, 2, 3, 4, 10, 8, 9, 7, 1]]
1867
Time of Program 0.00146102905273
#######################################################
12 10
#######################################################
[0, 77, 279, 454, 792, 842, 965, 420, 445, 148]
[77, 0, 10, 313, 615, 556, 432, 837, 983, 703]
[279, 10, 0, 269, 358, 901, 206, 912, 225, 624]
[454, 313, 269, 0, 89, 738, 484, 599, 742, 73]
[792, 615, 358, 89, 0, 984, 179, 784, 211, 239]
[842, 556, 901, 738, 984, 0, 962, 327, 661, 535]
[965, 432, 206, 484, 179, 962, 0, 169, 147, 238]
[420, 837, 912, 599, 784, 327, 169, 0, 656, 343]
[445, 983, 225, 742, 211, 661, 147, 656, 0, 3]
[148, 703, 624, 73, 239, 535, 238, 343, 3, 0]
number of nodes : 10
naive solution:
Done
[[1, 2, 3, 4, 5, 7, 8, 6, 9, 10, 1]]
1932
Time of Program 1.46949601173
my solution:
Done
[[1, 2, 6, 8, 7, 5, 4, 10, 9, 3, 1]]
1977
Time of Program 0.00100493431091
#######################################################
13 10
#######################################################
[0, 207, 377, 847, 574, 76, 368, 982, 344, 61]
[207, 0, 974, 762, 940, 975, 14, 222, 146, 457]
[377, 974, 0, 350, 126, 223, 434, 210, 229, 450]
[847, 762, 350, 0, 180, 961, 59, 824, 270, 104]
[574, 940, 126, 180, 0, 390, 201, 843, 751, 878]
[76, 975, 223, 961, 390, 0, 440, 453, 316, 773]
[368, 14, 434, 59, 201, 440, 0, 444, 90, 124]
[982, 222, 210, 824, 843, 453, 444, 0, 129, 929]
[344, 146, 229, 270, 751, 316, 90, 129, 0, 608]
[61, 457, 450, 104, 878, 773, 124, 929, 608, 0]
number of nodes : 10
naive solution:
Done
[[1, 6, 5, 3, 8, 9, 2, 7, 4, 10, 1]]
1315
Time of Program 1.41801714897
my solution:
Done
[[1, 6, 3, 5, 4, 9, 8, 2, 7, 10, 1]]
1425
Time of Program 0.00184512138367
#######################################################
14 10
#######################################################
[0, 565, 664, 906, 279, 874, 591, 168, 53, 742]
[565, 0, 575, 135, 572, 12, 319, 393, 454, 561]
[664, 575, 0, 449, 411, 453, 850, 504, 239, 275]
[906, 135, 449, 0, 419, 479, 236, 485, 215, 726]
[279, 572, 411, 419, 0, 403, 900, 372, 336, 848]
[874, 12, 453, 479, 403, 0, 742, 606, 550, 930]
[591, 319, 850, 236, 900, 742, 0, 766, 294, 771]
[168, 393, 504, 485, 372, 606, 766, 0, 714, 565]
[53, 454, 239, 215, 336, 550, 294, 714, 0, 101]
[742, 561, 275, 726, 848, 930, 771, 565, 101, 0]
number of nodes : 10
naive solution:
Done
[[1, 8, 5, 6, 2, 7, 4, 3, 10, 9, 1]]
2388
Time of Program 1.41702508926
my solution:
Done
[[1, 8, 10, 3, 5, 6, 2, 4, 7, 9, 1]]
2552
Time of Program 0.00114512443542
#######################################################
15 10
16 10
17 10
#######################################################
[0, 111, 743, 296, 824, 801, 896, 380, 533, 393]
[111, 0, 766, 889, 735, 574, 365, 568, 636, 199]
[743, 766, 0, 555, 7, 213, 871, 492, 297, 781]
[296, 889, 555, 0, 516, 393, 519, 104, 678, 236]
[824, 735, 7, 516, 0, 576, 222, 538, 787, 829]
[801, 574, 213, 393, 576, 0, 868, 490, 306, 852]
[896, 365, 871, 519, 222, 868, 0, 559, 231, 117]
[380, 568, 492, 104, 538, 490, 559, 0, 673, 849]
[533, 636, 297, 678, 787, 306, 231, 673, 0, 468]
[393, 199, 781, 236, 829, 852, 117, 849, 468, 0]
number of nodes : 10
naive solution:
Done
[[1, 2, 10, 7, 9, 6, 3, 5, 8, 4, 1]]
2122
Time of Program 1.34000396729
my solution:
Done
[[1, 2, 10, 7, 5, 3, 9, 6, 4, 8, 1]]
2136
Time of Program 0.00223803520203
#######################################################
18 10
19 10
20 10
#######################################################
[0, 283, 206, 88, 208, 260, 545, 100, 179, 386]
[283, 0, 265, 35, 766, 260, 586, 710, 369, 760]
[206, 265, 0, 719, 623, 59, 969, 66, 490, 34]
[88, 35, 719, 0, 733, 721, 379, 884, 418, 818]
[208, 766, 623, 733, 0, 192, 380, 916, 601, 525]
[260, 260, 59, 721, 192, 0, 688, 864, 55, 190]
[545, 586, 969, 379, 380, 688, 0, 8, 427, 612]
[100, 710, 66, 884, 916, 864, 8, 0, 329, 563]
[179, 369, 490, 418, 601, 55, 427, 329, 0, 202]
[386, 760, 34, 818, 525, 190, 612, 563, 202, 0]
number of nodes : 10
naive solution:
Done
[[1, 4, 2, 6, 9, 10, 3, 8, 7, 5, 1]]
1336
Time of Program 1.180123806
my solution:
Done
[[1, 4, 2, 3, 10, 9, 6, 5, 7, 8, 1]]
1359
Time of Program 0.000945091247559
#######################################################
21 10
#######################################################
[0, 802, 126, 679, 370, 851, 160, 928, 803, 593]
[802, 0, 557, 174, 514, 98, 174, 275, 232, 458]
[126, 557, 0, 534, 160, 42, 489, 531, 168, 555]
[679, 174, 534, 0, 423, 322, 295, 350, 359, 153]
[370, 514, 160, 423, 0, 229, 818, 903, 724, 591]
[851, 98, 42, 322, 229, 0, 286, 42, 168, 791]
[160, 174, 489, 295, 818, 286, 0, 3, 16, 95]
[928, 275, 531, 350, 903, 42, 3, 0, 473, 522]
[803, 232, 168, 359, 724, 168, 16, 473, 0, 79]
[593, 458, 555, 153, 591, 791, 95, 522, 79, 0]
number of nodes : 10
naive solution:
Done
[[1, 5, 3, 9, 10, 4, 2, 6, 8, 7, 1]]
1407
Time of Program 1.22914385796
my solution:
Done
[[1, 3, 6, 8, 7, 9, 10, 4, 2, 5, 1]]
1519
Time of Program 0.00108218193054
#######################################################
22 10
23 10
24 10
25 10
26 10
27 10
28 10
#######################################################
[0, 508, 870, 217, 393, 873, 814, 629, 720, 717]
[508, 0, 672, 662, 809, 953, 200, 437, 954, 487]
[870, 672, 0, 839, 115, 29, 341, 597, 138, 150]
[217, 662, 839, 0, 7, 753, 276, 531, 129, 706]
[393, 809, 115, 7, 0, 204, 76, 307, 577, 334]
[873, 953, 29, 753, 204, 0, 471, 709, 764, 920]
[814, 200, 341, 276, 76, 471, 0, 693, 971, 337]
[629, 437, 597, 531, 307, 709, 693, 0, 523, 961]
[720, 954, 138, 129, 577, 764, 971, 523, 0, 677]
[717, 487, 150, 706, 334, 920, 337, 961, 677, 0]
number of nodes : 10
naive solution:
Done
[[1, 2, 7, 10, 3, 6, 5, 8, 9, 4, 1]]
2604
Time of Program 1.4027030468
my solution:
Done
[[1, 4, 9, 3, 6, 5, 10, 7, 2, 8, 1]]
2654
Time of Program 0.00103902816772
#######################################################
29 10
30 10
31 10
32 10
33 10
34 10
#######################################################
[0, 753, 387, 591, 417, 357, 141, 647, 859, 299]
[753, 0, 926, 281, 572, 71, 815, 458, 216, 905]
[387, 926, 0, 160, 893, 87, 207, 247, 682, 759]
[591, 281, 160, 0, 364, 601, 763, 946, 581, 432]
[417, 572, 893, 364, 0, 28, 159, 166, 312, 90]
[357, 71, 87, 601, 28, 0, 718, 266, 366, 183]
[141, 815, 207, 763, 159, 718, 0, 669, 910, 448]
[647, 458, 247, 946, 166, 266, 669, 0, 560, 621]
[859, 216, 682, 581, 312, 366, 910, 560, 0, 663]
[299, 905, 759, 432, 90, 183, 448, 621, 663, 0]
number of nodes : 10
naive solution:
Done
[[1, 7, 3, 4, 2, 9, 6, 8, 5, 10, 1]]
2192
Time of Program 1.27293801308
my solution:
Done
[[1, 7, 5, 8, 3, 4, 2, 9, 6, 10, 1]]
2218
Time of Program 0.00109696388245
#######################################################
35 10
36 10
#######################################################
[0, 911, 61, 333, 64, 608, 860, 359, 31, 192]
[911, 0, 985, 905, 404, 446, 832, 94, 90, 826]
[61, 985, 0, 361, 942, 238, 638, 189, 462, 104]
[333, 905, 361, 0, 841, 487, 840, 967, 329, 472]
[64, 404, 942, 841, 0, 970, 548, 730, 950, 180]
[608, 446, 238, 487, 970, 0, 842, 316, 298, 735]
[860, 832, 638, 840, 548, 842, 0, 232, 46, 289]
[359, 94, 189, 967, 730, 316, 232, 0, 629, 109]
[31, 90, 462, 329, 950, 298, 46, 629, 0, 684]
[192, 826, 104, 472, 180, 735, 289, 109, 684, 0]
number of nodes : 10
naive solution:
Done
[[1, 3, 4, 6, 8, 2, 9, 7, 10, 5, 1]]
1988
Time of Program 1.47554016113
my solution:
Done
[[1, 3, 6, 4, 9, 2, 8, 7, 10, 5, 1]]
2064
Time of Program 0.00139093399048
#######################################################
37 10
38 10
#######################################################
[0, 712, 622, 879, 656, 842, 899, 965, 772, 198]
[712, 0, 174, 694, 127, 739, 738, 982, 593, 586]
[622, 174, 0, 624, 672, 145, 885, 899, 889, 328]
[879, 694, 624, 0, 262, 648, 147, 582, 916, 980]
[656, 127, 672, 262, 0, 243, 714, 771, 865, 108]
[842, 739, 145, 648, 243, 0, 27, 609, 246, 289]
[899, 738, 885, 147, 714, 27, 0, 777, 398, 569]
[965, 982, 899, 582, 771, 609, 777, 0, 848, 400]
[772, 593, 889, 916, 865, 246, 398, 848, 0, 961]
[198, 586, 328, 980, 108, 289, 569, 400, 961, 0]
number of nodes : 10
naive solution:
Done
[[1, 3, 2, 5, 4, 7, 6, 9, 8, 10, 1]]
3051
Time of Program 1.31195211411
my solution:
Done
[[1, 5, 2, 3, 6, 9, 7, 4, 8, 10, 1]]
3073
Time of Program 0.0013689994812
#######################################################
39 10
#######################################################
[0, 143, 110, 631, 884, 895, 297, 326, 354, 160]
[143, 0, 441, 659, 515, 377, 963, 884, 306, 493]
[110, 441, 0, 462, 512, 847, 312, 961, 407, 120]
[631, 659, 462, 0, 359, 696, 814, 244, 30, 127]
[884, 515, 512, 359, 0, 322, 275, 999, 901, 573]
[895, 377, 847, 696, 322, 0, 156, 875, 200, 928]
[297, 963, 312, 814, 275, 156, 0, 620, 182, 514]
[326, 884, 961, 244, 999, 875, 620, 0, 188, 846]
[354, 306, 407, 30, 901, 200, 182, 188, 0, 904]
[160, 493, 120, 127, 573, 928, 514, 846, 904, 0]
number of nodes : 10
naive solution:
Done
[[1, 2, 5, 7, 6, 9, 8, 4, 10, 3, 1]]
2078
Time of Program 1.27879691124
my solution:
Done
[[1, 3, 10, 4, 5, 7, 6, 2, 9, 8, 1]]
2344
Time of Program 0.00123906135559
#######################################################
40 10
#######################################################
[0, 986, 501, 282, 591, 550, 92, 994, 560, 562]
[986, 0, 221, 976, 722, 818, 478, 867, 584, 855]
[501, 221, 0, 677, 718, 448, 994, 715, 299, 904]
[282, 976, 677, 0, 219, 960, 954, 821, 877, 218]
[591, 722, 718, 219, 0, 766, 534, 717, 378, 629]
[550, 818, 448, 960, 766, 0, 529, 973, 438, 918]
[92, 478, 994, 954, 534, 529, 0, 635, 536, 234]
[994, 867, 715, 821, 717, 973, 635, 0, 257, 852]
[560, 584, 299, 877, 378, 438, 536, 257, 0, 744]
[562, 855, 904, 218, 629, 918, 234, 852, 744, 0]
number of nodes : 10
naive solution:
Done
[[1, 6, 3, 2, 8, 9, 5, 4, 10, 7, 1]]
3484
Time of Program 1.29967999458
my solution:
Done
[[1, 7, 2, 3, 6, 9, 8, 5, 4, 10, 1]]
3650
Time of Program 0.00126600265503
#######################################################
41 10
42 10
43 10
44 10
45 10
#######################################################
[0, 183, 762, 861, 172, 201, 134, 352, 653, 718]
[183, 0, 156, 552, 92, 453, 146, 459, 78, 88]
[762, 156, 0, 673, 336, 406, 964, 163, 327, 28]
[861, 552, 673, 0, 457, 495, 267, 295, 539, 255]
[172, 92, 336, 457, 0, 654, 134, 906, 51, 153]
[201, 453, 406, 495, 654, 0, 267, 182, 847, 122]
[134, 146, 964, 267, 134, 267, 0, 576, 664, 638]
[352, 459, 163, 295, 906, 182, 576, 0, 900, 472]
[653, 78, 327, 539, 51, 847, 664, 900, 0, 513]
[718, 88, 28, 255, 153, 122, 638, 472, 513, 0]
number of nodes : 10
naive solution:
Done
[[1, 5, 9, 2, 3, 10, 6, 8, 4, 7, 1]]
1485
Time of Program 1.18145704269
my solution:
Done
[[1, 6, 8, 4, 10, 3, 2, 9, 5, 7, 1]]
1514
Time of Program 0.00113892555237
#######################################################
46 10
47 10
48 10
49 10
50 10
51 10
52 10
53 10
54 10
#######################################################
[0, 348, 654, 880, 780, 786, 462, 376, 342, 506]
[348, 0, 887, 49, 244, 872, 242, 967, 120, 419]
[654, 887, 0, 328, 15, 955, 483, 395, 670, 7]
[880, 49, 328, 0, 441, 454, 666, 802, 573, 745]
[780, 244, 15, 441, 0, 541, 132, 549, 958, 863]
[786, 872, 955, 454, 541, 0, 101, 230, 282, 78]
[462, 242, 483, 666, 132, 101, 0, 476, 78, 111]
[376, 967, 395, 802, 549, 230, 476, 0, 249, 310]
[342, 120, 670, 573, 958, 282, 78, 249, 0, 651]
[506, 419, 7, 745, 863, 78, 111, 310, 651, 0]
number of nodes : 10
naive solution:
Done
[[1, 2, 4, 5, 3, 10, 6, 7, 9, 8, 1]]
1742
Time of Program 1.40002298355
my solution:
Done
[[1, 8, 6, 10, 7, 5, 3, 4, 2, 9, 1]]
1781
Time of Program 0.00106000900269
#######################################################
55 10
56 10
#######################################################
[0, 367, 453, 525, 26, 32, 419, 343, 525, 184]
[367, 0, 514, 96, 972, 879, 292, 498, 916, 796]
[453, 514, 0, 894, 681, 706, 773, 873, 997, 649]
[525, 96, 894, 0, 463, 293, 941, 320, 746, 813]
[26, 972, 681, 463, 0, 605, 579, 769, 933, 73]
[32, 879, 706, 293, 605, 0, 325, 842, 461, 694]
[419, 292, 773, 941, 579, 325, 0, 29, 499, 136]
[343, 498, 873, 320, 769, 842, 29, 0, 260, 640]
[525, 916, 997, 746, 933, 461, 499, 260, 0, 24]
[184, 796, 649, 813, 73, 694, 136, 640, 24, 0]
number of nodes : 10
naive solution:
Done
[[1, 3, 2, 4, 6, 7, 8, 9, 10, 5, 1]]
2093
Time of Program 1.3392598629
my solution:
Done
[[1, 5, 3, 2, 4, 8, 7, 10, 9, 6, 1], [1, 5, 10, 9, 7, 8, 4, 2, 3, 6, 1]]
2319
Time of Program 0.0016610622406
#######################################################
57 10
58 10
59 10
#######################################################
[0, 675, 39, 573, 385, 172, 199, 198, 722, 69]
[675, 0, 206, 46, 700, 889, 452, 203, 662, 347]
[39, 206, 0, 999, 455, 354, 634, 776, 299, 443]
[573, 46, 999, 0, 486, 976, 518, 956, 617, 446]
[385, 700, 455, 486, 0, 615, 998, 998, 61, 161]
[172, 889, 354, 976, 615, 0, 335, 416, 742, 966]
[199, 452, 634, 518, 998, 335, 0, 489, 944, 131]
[198, 203, 776, 956, 998, 416, 489, 0, 183, 890]
[722, 662, 299, 617, 61, 742, 944, 183, 0, 575]
[69, 347, 443, 446, 161, 966, 131, 890, 575, 0]
number of nodes : 10
naive solution:
Done
[[1, 3, 2, 4, 7, 10, 5, 9, 8, 6, 1]]
1933
Time of Program 1.39877891541
my solution:
Done
[[1, 3, 2, 4, 5, 9, 8, 6, 7, 10, 1]]
1972
Time of Program 0.00120806694031
#######################################################
60 10
#######################################################
[0, 171, 319, 368, 479, 559, 577, 214, 282, 897]
[171, 0, 81, 434, 302, 514, 313, 862, 901, 574]
[319, 81, 0, 68, 304, 722, 702, 844, 461, 82]
[368, 434, 68, 0, 220, 191, 318, 574, 276, 987]
[479, 302, 304, 220, 0, 901, 950, 736, 456, 325]
[559, 514, 722, 191, 901, 0, 242, 235, 39, 615]
[577, 313, 702, 318, 950, 242, 0, 638, 472, 901]
[214, 862, 844, 574, 736, 235, 638, 0, 497, 213]
[282, 901, 461, 276, 456, 39, 472, 497, 0, 555]
[897, 574, 82, 987, 325, 615, 901, 213, 555, 0]
number of nodes : 10
naive solution:
Done
[[1, 8, 10, 3, 4, 5, 2, 7, 6, 9, 1]]
1975
Time of Program 1.53270101547
my solution:
Done
[[1, 2, 3, 10, 5, 4, 7, 9, 6, 8, 1]]
2157
Time of Program 0.00120997428894
#######################################################
61 10
62 10
63 10
64 10
65 10
66 10
#######################################################
[0, 738, 834, 944, 445, 452, 984, 710, 139, 717]
[738, 0, 256, 843, 14, 388, 397, 56, 629, 274]
[834, 256, 0, 308, 240, 134, 827, 384, 488, 372]
[944, 843, 308, 0, 3, 576, 326, 564, 28, 308]
[445, 14, 240, 3, 0, 568, 352, 372, 201, 42]
[452, 388, 134, 576, 568, 0, 236, 697, 782, 29]
[984, 397, 827, 326, 352, 236, 0, 533, 20, 26]
[710, 56, 384, 564, 372, 697, 533, 0, 376, 758]
[139, 629, 488, 28, 201, 782, 20, 376, 0, 396]
[717, 274, 372, 308, 42, 29, 26, 758, 396, 0]
number of nodes : 10
naive solution:
Done
[[1, 8, 2, 5, 4, 3, 6, 10, 7, 9, 1]]
1439
Time of Program 1.19413495064
my solution:
Done
[[1, 6, 3, 8, 2, 5, 4, 10, 7, 9, 1]]
1536
Time of Program 0.00106596946716
#######################################################
67 10
#######################################################
[0, 639, 784, 144, 150, 813, 801, 425, 896, 554]
[639, 0, 99, 177, 725, 330, 568, 808, 843, 338]
[784, 99, 0, 53, 189, 314, 158, 66, 868, 654]
[144, 177, 53, 0, 552, 194, 456, 658, 861, 772]
[150, 725, 189, 552, 0, 775, 215, 264, 192, 138]
[813, 330, 314, 194, 775, 0, 796, 640, 238, 482]
[801, 568, 158, 456, 215, 796, 0, 151, 657, 348]
[425, 808, 66, 658, 264, 640, 151, 0, 244, 938]
[896, 843, 868, 861, 192, 238, 657, 244, 0, 114]
[554, 338, 654, 772, 138, 482, 348, 938, 114, 0]
number of nodes : 10
naive solution:
Done
[[1, 4, 6, 9, 10, 2, 3, 8, 7, 5, 1]]
1709
Time of Program 1.20572805405
my solution:
Done
[[1, 4, 6, 9, 8, 7, 3, 2, 10, 5, 1]]
1854
Time of Program 0.00115704536438
#######################################################
68 10
#######################################################
[0, 870, 132, 714, 714, 749, 41, 407, 193, 468]
[870, 0, 352, 597, 609, 781, 780, 426, 427, 831]
[132, 352, 0, 927, 185, 524, 624, 683, 809, 98]
[714, 597, 927, 0, 199, 974, 840, 642, 494, 344]
[714, 609, 185, 199, 0, 887, 318, 69, 659, 290]
[749, 781, 524, 974, 887, 0, 45, 588, 726, 857]
[41, 780, 624, 840, 318, 45, 0, 0, 811, 583]
[407, 426, 683, 642, 69, 588, 0, 0, 799, 29]
[193, 427, 809, 494, 659, 726, 811, 799, 0, 845]
[468, 831, 98, 344, 290, 857, 583, 29, 845, 0]
number of nodes : 10
naive solution:
Done
[[1, 7, 6, 3, 10, 8, 5, 4, 2, 9, 1]]
2222
Time of Program 1.22415518761
my solution:
Done
[[1, 3, 10, 4, 5, 8, 7, 6, 2, 9, 1]]
2288
Time of Program 0.00113010406494
#######################################################
69 10
70 10
#######################################################
[0, 237, 269, 986, 855, 835, 482, 717, 158, 417]
[237, 0, 322, 509, 778, 222, 868, 517, 942, 882]
[269, 322, 0, 17, 791, 607, 336, 480, 220, 959]
[986, 509, 17, 0, 440, 777, 814, 476, 560, 178]
[855, 778, 791, 440, 0, 660, 294, 231, 581, 361]
[835, 222, 607, 777, 660, 0, 606, 662, 883, 866]
[482, 868, 336, 814, 294, 606, 0, 818, 541, 969]
[717, 517, 480, 476, 231, 662, 818, 0, 600, 857]
[158, 942, 220, 560, 581, 883, 541, 600, 0, 859]
[417, 882, 959, 178, 361, 866, 969, 857, 859, 0]
number of nodes : 10
naive solution:
Done
[[1, 2, 6, 8, 5, 10, 4, 3, 7, 9, 1]]
2943
Time of Program 1.20848011971
my solution:
Done
[[1, 2, 6, 7, 5, 8, 10, 4, 3, 9, 1]]
3020
Time of Program 0.00129413604736
#######################################################
71 10
72 10
#######################################################
[0, 540, 760, 791, 879, 614, 29, 163, 768, 268]
[540, 0, 591, 329, 813, 111, 466, 255, 259, 205]
[760, 591, 0, 850, 663, 477, 455, 750, 889, 48]
[791, 329, 850, 0, 699, 842, 905, 925, 227, 593]
[879, 813, 663, 699, 0, 302, 214, 864, 97, 479]
[614, 111, 477, 842, 302, 0, 605, 506, 942, 810]
[29, 466, 455, 905, 214, 605, 0, 514, 195, 651]
[163, 255, 750, 925, 864, 506, 514, 0, 203, 239]
[768, 259, 889, 227, 97, 942, 195, 203, 0, 971]
[268, 205, 48, 593, 479, 810, 651, 239, 971, 0]
number of nodes : 10
naive solution:
Done
[[1, 7, 5, 9, 4, 2, 6, 3, 10, 8, 1]]
1934
Time of Program 1.21961808205
my solution:
Done
[[1, 7, 5, 6, 3, 10, 2, 4, 9, 8, 1]]
2197
Time of Program 0.00103902816772
#######################################################
73 10
74 10
#######################################################
[0, 344, 168, 756, 716, 809, 578, 428, 139, 255]
[344, 0, 185, 514, 508, 778, 37, 729, 948, 313]
[168, 185, 0, 946, 637, 266, 156, 254, 37, 842]
[756, 514, 946, 0, 669, 987, 580, 615, 282, 730]
[716, 508, 637, 669, 0, 924, 276, 491, 13, 615]
[809, 778, 266, 987, 924, 0, 462, 469, 608, 661]
[578, 37, 156, 580, 276, 462, 0, 159, 474, 332]
[428, 729, 254, 615, 491, 469, 159, 0, 223, 73]
[139, 948, 37, 282, 13, 608, 474, 223, 0, 515]
[255, 313, 842, 730, 615, 661, 332, 73, 515, 0]
number of nodes : 10
naive solution:
Done
[[1, 3, 6, 7, 2, 4, 9, 5, 8, 10, 1]]
2561
Time of Program 1.19794511795
my solution:
Done
[[1, 9, 5, 4, 2, 7, 3, 6, 8, 10, 1]]
2591
Time of Program 0.00130295753479
#######################################################
75 10
#######################################################
[0, 201, 415, 770, 933, 694, 94, 848, 619, 709]
[201, 0, 17, 10, 761, 580, 90, 60, 651, 572]
[415, 17, 0, 679, 791, 367, 70, 327, 824, 484]
[770, 10, 679, 0, 698, 615, 93, 765, 902, 767]
[933, 761, 791, 698, 0, 774, 108, 221, 698, 667]
[694, 580, 367, 615, 774, 0, 503, 7, 832, 450]
[94, 90, 70, 93, 108, 503, 0, 192, 676, 645]
[848, 60, 327, 765, 221, 7, 192, 0, 649, 461]
[619, 651, 824, 902, 698, 832, 676, 649, 0, 591]
[709, 572, 484, 767, 667, 450, 645, 461, 591, 0]
number of nodes : 10
naive solution:
Done
[[1, 3, 2, 4, 7, 5, 8, 6, 10, 9, 1]]
2531
Time of Program 1.21748113632
my solution:
Done
[[1, 7, 4, 2, 3, 6, 8, 5, 10, 9, 1]]
2686
Time of Program 0.00115394592285
#######################################################
76 10
#######################################################
[0, 116, 581, 865, 866, 801, 248, 373, 779, 628]
[116, 0, 839, 206, 920, 591, 868, 451, 589, 392]
[581, 839, 0, 862, 585, 205, 883, 110, 272, 711]
[865, 206, 862, 0, 951, 378, 644, 749, 234, 479]
[866, 920, 585, 951, 0, 352, 353, 603, 878, 749]
[801, 591, 205, 378, 352, 0, 884, 246, 925, 735]
[248, 868, 883, 644, 353, 884, 0, 223, 438, 316]
[373, 451, 110, 749, 603, 246, 223, 0, 353, 639]
[779, 589, 272, 234, 878, 925, 438, 353, 0, 235]
[628, 392, 711, 479, 749, 735, 316, 639, 235, 0]
number of nodes : 10
naive solution:
Done
[[1, 2, 4, 9, 10, 7, 5, 6, 3, 8, 1]]
2500
Time of Program 1.21427607536
my solution:
Done
[[1, 2, 4, 10, 9, 3, 8, 6, 5, 7, 1]]
2617
Time of Program 0.00123286247253
#######################################################
77 10
78 10
#######################################################
[0, 109, 534, 111, 305, 337, 184, 278, 560, 70]
[109, 0, 929, 644, 756, 965, 865, 186, 139, 747]
[534, 929, 0, 469, 869, 323, 306, 733, 374, 450]
[111, 644, 469, 0, 177, 131, 242, 373, 794, 783]
[305, 756, 869, 177, 0, 705, 811, 306, 519, 816]
[337, 965, 323, 131, 705, 0, 19, 525, 26, 325]
[184, 865, 306, 242, 811, 19, 0, 678, 936, 943]
[278, 186, 733, 373, 306, 525, 678, 0, 546, 934]
[560, 139, 374, 794, 519, 26, 936, 546, 0, 872]
[70, 747, 450, 783, 816, 325, 943, 934, 872, 0]
number of nodes : 10
naive solution:
Done
[[1, 4, 5, 8, 2, 9, 6, 7, 3, 10, 1]]
1790
Time of Program 1.23107409477
my solution:
Done
[[1, 2, 8, 5, 4, 7, 6, 9, 3, 10, 1]]
1959
Time of Program 0.00115013122559
#######################################################
79 10
#######################################################
[0, 753, 561, 807, 787, 753, 579, 805, 617, 153]
[753, 0, 185, 397, 785, 20, 146, 383, 457, 507]
[561, 185, 0, 677, 355, 782, 924, 965, 63, 695]
[807, 397, 677, 0, 547, 521, 353, 96, 731, 412]
[787, 785, 355, 547, 0, 813, 756, 665, 657, 984]
[753, 20, 782, 521, 813, 0, 519, 636, 251, 596]
[579, 146, 924, 353, 756, 519, 0, 998, 611, 744]
[805, 383, 965, 96, 665, 636, 998, 0, 20, 857]
[617, 457, 63, 731, 657, 251, 611, 20, 0, 245]
[153, 507, 695, 412, 984, 596, 744, 857, 245, 0]
number of nodes : 10
naive solution:
Done
[[1, 5, 3, 9, 8, 4, 7, 2, 6, 10, 1]]
2589
Time of Program 1.24576401711
my solution:
Done
[[1, 7, 2, 6, 5, 3, 9, 8, 4, 10, 1]]
2657
Time of Program 0.00113391876221
#######################################################
80 10
81 10
#######################################################
[0, 944, 430, 974, 891, 572, 5, 462, 636, 859]
[944, 0, 540, 309, 761, 184, 483, 651, 243, 894]
[430, 540, 0, 64, 0, 181, 625, 193, 995, 298]
[974, 309, 64, 0, 913, 988, 449, 751, 569, 977]
[891, 761, 0, 913, 0, 134, 122, 736, 986, 214]
[572, 184, 181, 988, 134, 0, 690, 860, 820, 513]
[5, 483, 625, 449, 122, 690, 0, 72, 714, 206]
[462, 651, 193, 751, 736, 860, 72, 0, 82, 260]
[636, 243, 995, 569, 986, 820, 714, 82, 0, 142]
[859, 894, 298, 977, 214, 513, 206, 260, 142, 0]
number of nodes : 10
naive solution:
Done
[[1, 3, 4, 2, 6, 5, 10, 9, 8, 7, 1]]
1636
Time of Program 1.21277189255
my solution:
Done
[[1, 7, 5, 6, 2, 4, 3, 10, 9, 8, 1]]
1802
Time of Program 0.000983953475952
#######################################################
82 10
#######################################################
[0, 608, 688, 349, 438, 447, 566, 236, 735, 306]
[608, 0, 463, 268, 211, 916, 562, 792, 996, 519]
[688, 463, 0, 577, 658, 313, 99, 398, 990, 38]
[349, 268, 577, 0, 183, 589, 201, 115, 510, 371]
[438, 211, 658, 183, 0, 625, 97, 477, 946, 20]
[447, 916, 313, 589, 625, 0, 753, 969, 683, 621]
[566, 562, 99, 201, 97, 753, 0, 602, 717, 793]
[236, 792, 398, 115, 477, 969, 602, 0, 968, 702]
[735, 996, 990, 510, 946, 683, 717, 968, 0, 835]
[306, 519, 38, 371, 20, 621, 793, 702, 835, 0]
number of nodes : 10
naive solution:
Done
[[1, 6, 9, 7, 3, 10, 5, 2, 4, 8, 1]]
2834
Time of Program 1.21075201035
my solution:
Done
[[1, 8, 4, 2, 5, 7, 9, 6, 3, 10, 1]]
2984
Time of Program 0.00101017951965
#######################################################
83 10
#######################################################
[0, 465, 951, 109, 615, 3, 585, 237, 115, 422]
[465, 0, 498, 447, 900, 476, 974, 554, 823, 732]
[951, 498, 0, 778, 258, 479, 209, 565, 858, 10]
[109, 447, 778, 0, 945, 505, 137, 275, 801, 137]
[615, 900, 258, 945, 0, 151, 103, 256, 247, 753]
[3, 476, 479, 505, 151, 0, 232, 321, 427, 652]
[585, 974, 209, 137, 103, 232, 0, 185, 627, 928]
[237, 554, 565, 275, 256, 321, 185, 0, 841, 961]
[115, 823, 858, 801, 247, 427, 627, 841, 0, 805]
[422, 732, 10, 137, 753, 652, 928, 961, 805, 0]
number of nodes : 10
naive solution:
Done
[[1, 6, 2, 3, 10, 4, 8, 7, 5, 9, 1]]
2049
Time of Program 1.18875193596
my solution:
Done
[[1, 4, 10, 3, 7, 8, 2, 6, 5, 9, 1]]
2193
Time of Program 0.00121402740479
#######################################################
84 10
85 10
86 10
87 10
88 10
89 10
90 10
91 10
92 10
#######################################################
[0, 232, 332, 907, 63, 883, 512, 936, 238, 371]
[232, 0, 497, 150, 983, 540, 707, 226, 128, 809]
[332, 497, 0, 735, 770, 704, 510, 269, 505, 794]
[907, 150, 735, 0, 89, 189, 918, 885, 953, 795]
[63, 983, 770, 89, 0, 787, 234, 647, 955, 731]
[883, 540, 704, 189, 787, 0, 74, 816, 77, 845]
[512, 707, 510, 918, 234, 74, 0, 841, 105, 885]
[936, 226, 269, 885, 647, 816, 841, 0, 942, 988]
[238, 128, 505, 953, 955, 77, 105, 942, 0, 164]
[371, 809, 794, 795, 731, 845, 885, 988, 164, 0]
number of nodes : 10
naive solution:
Done
[[1, 3, 8, 2, 4, 5, 7, 6, 9, 10, 1]]
1986
Time of Program 1.19730806351
my solution:
Done
[[1, 5, 4, 6, 7, 3, 8, 2, 9, 10, 1]]
2083
Time of Program 0.000902891159058
#######################################################
93 10
94 10
#######################################################
[0, 436, 851, 875, 132, 189, 827, 720, 125, 191]
[436, 0, 889, 761, 585, 736, 692, 704, 856, 721]
[851, 889, 0, 439, 501, 936, 340, 677, 275, 653]
[875, 761, 439, 0, 654, 763, 630, 398, 492, 76]
[132, 585, 501, 654, 0, 547, 163, 821, 236, 883]
[189, 736, 936, 763, 547, 0, 585, 677, 836, 483]
[827, 692, 340, 630, 163, 585, 0, 316, 231, 94]
[720, 704, 677, 398, 821, 677, 316, 0, 637, 517]
[125, 856, 275, 492, 236, 836, 231, 637, 0, 202]
[191, 721, 653, 76, 883, 483, 94, 517, 202, 0]
number of nodes : 10
naive solution:
Done
[[1, 5, 9, 3, 7, 10, 4, 8, 2, 6, 1]]
3180
Time of Program 1.21342301369
my solution:
Done
[[1, 6, 2, 5, 7, 10, 4, 8, 3, 9, 1]]
3318
Time of Program 0.00163888931274
#######################################################
95 10
96 10
97 10
98 10
#######################################################
[0, 57, 826, 858, 62, 859, 991, 344, 934, 520]
[57, 0, 117, 45, 992, 77, 485, 264, 694, 235]
[826, 117, 0, 394, 523, 3, 883, 920, 926, 10]
[858, 45, 394, 0, 54, 700, 934, 812, 384, 147]
[62, 992, 523, 54, 0, 321, 78, 287, 175, 403]
[859, 77, 3, 700, 321, 0, 113, 717, 93, 836]
[991, 485, 883, 934, 78, 113, 0, 554, 974, 852]
[344, 264, 920, 812, 287, 717, 554, 0, 256, 68]
[934, 694, 926, 384, 175, 93, 974, 256, 0, 642]
[520, 235, 10, 147, 403, 836, 852, 68, 642, 0]
number of nodes : 10
naive solution:
Done
[[1, 2, 4, 9, 8, 10, 3, 6, 7, 5, 1]]
1076
Time of Program 1.18963885307
my solution:
Done
[[1, 2, 4, 10, 3, 6, 7, 5, 9, 8, 1]]
1228
Time of Program 0.000856161117554
#######################################################
99 10
100 10
#######################################################
[0, 924, 386, 811, 811, 90, 55, 583, 582, 806]
[924, 0, 707, 362, 400, 712, 585, 132, 128, 199]
[386, 707, 0, 604, 133, 538, 664, 912, 878, 352]
[811, 362, 604, 0, 129, 878, 219, 141, 624, 901]
[811, 400, 133, 129, 0, 89, 996, 329, 378, 146]
[90, 712, 538, 878, 89, 0, 428, 503, 942, 88]
[55, 585, 664, 219, 996, 428, 0, 466, 361, 655]
[583, 132, 912, 141, 329, 503, 466, 0, 867, 525]
[582, 128, 878, 624, 378, 942, 361, 867, 0, 349]
[806, 199, 352, 901, 146, 88, 655, 525, 349, 0]
number of nodes : 10
naive solution:
Done
[[1, 6, 10, 3, 5, 4, 8, 2, 9, 7, 1]]
1609
Time of Program 1.20459508896
my solution:
Done
[[1, 6, 5, 3, 10, 9, 2, 8, 4, 7, 1]]
1688
Time of Program 0.00107502937317
#######################################################
