1 6
2 10
#######################################################
[0, 476, 445, 283, 803, 13, 835, 602, 230, 935]
[476, 0, 863, 872, 197, 550, 877, 611, 881, 60]
[445, 863, 0, 324, 110, 990, 501, 86, 960, 977]
[283, 872, 324, 0, 189, 741, 236, 196, 337, 701]
[803, 197, 110, 189, 0, 351, 449, 640, 169, 91]
[13, 550, 990, 741, 351, 0, 22, 64, 542, 312]
[835, 877, 501, 236, 449, 22, 0, 625, 492, 952]
[602, 611, 86, 196, 640, 64, 625, 0, 152, 655]
[230, 881, 960, 337, 169, 542, 492, 152, 0, 259]
[935, 60, 977, 701, 91, 312, 952, 655, 259, 0]
number of nodes : 10
naive solution:
Done
[[1, 6, 7, 4, 8, 3, 5, 2, 10, 9, 1]]
1409
Time of Program 1.1675889492
my solution:
Done
[[1, 2, 10, 5, 3, 8, 9, 4, 7, 6, 1]]
1583
Time of Program 0.00105094909668
#######################################################
3 8
4 9
5 9
6 7
#######################################################
[0, 340, 810, 912, 188, 612, 215]
[340, 0, 924, 78, 571, 360, 834]
[810, 924, 0, 637, 691, 744, 804]
[912, 78, 637, 0, 722, 646, 9]
[188, 571, 691, 722, 0, 858, 298]
[612, 360, 744, 646, 858, 0, 48]
[215, 834, 804, 9, 298, 48, 0]
number of nodes : 7
naive solution:
Done
[[1, 2, 4, 7, 6, 3, 5, 1]]
2098
Time of Program 0.00211477279663
my solution:
Done
[[1, 5, 3, 4, 2, 6, 7, 1]]
2217
Time of Program 0.00045108795166
#######################################################
7 7
8 9
#######################################################
[0, 469, 61, 802, 654, 242, 626, 499, 239]
[469, 0, 437, 218, 166, 916, 52, 721, 798]
[61, 437, 0, 904, 980, 866, 460, 535, 182]
[802, 218, 904, 0, 102, 230, 586, 11, 788]
[654, 166, 980, 102, 0, 765, 162, 798, 454]
[242, 916, 866, 230, 765, 0, 315, 696, 956]
[626, 52, 460, 586, 162, 315, 0, 835, 813]
[499, 721, 535, 11, 798, 696, 835, 0, 491]
[239, 798, 182, 788, 454, 956, 813, 491, 0]
number of nodes : 9
naive solution:
Done
[[1, 3, 9, 8, 4, 5, 2, 7, 6, 1]]
1622
Time of Program 0.121792078018
my solution:
Done
[[1, 3, 9, 5, 7, 2, 4, 8, 6, 1]]
2078
Time of Program 0.000741958618164
#######################################################
9 7
10 7
11 9
12 7
13 7
14 9
15 10
16 8
17 7
18 6
19 10
20 6
21 7
22 8
23 8
24 9
25 6
26 7
27 8
28 9
29 9
#######################################################
[0, 642, 762, 826, 723, 422, 403, 785, 562]
[642, 0, 865, 125, 756, 488, 309, 737, 149]
[762, 865, 0, 955, 147, 829, 279, 577, 671]
[826, 125, 955, 0, 763, 605, 162, 397, 229]
[723, 756, 147, 763, 0, 320, 593, 595, 732]
[422, 488, 829, 605, 320, 0, 558, 210, 931]
[403, 309, 279, 162, 593, 558, 0, 183, 20]
[785, 737, 577, 397, 595, 210, 183, 0, 111]
[562, 149, 671, 229, 732, 931, 20, 111, 0]
number of nodes : 9
naive solution:
Done
[[1, 5, 3, 7, 4, 2, 9, 8, 6, 1]]
2328
Time of Program 0.1217918396
my solution:
Done
[[1, 2, 4, 9, 8, 7, 3, 5, 6, 1]]
2458
Time of Program 0.000916957855225
#######################################################
30 6
31 10
#######################################################
[0, 585, 562, 324, 412, 963, 64, 275, 39, 618]
[585, 0, 254, 516, 794, 130, 891, 770, 656, 616]
[562, 254, 0, 216, 882, 875, 944, 357, 495, 204]
[324, 516, 216, 0, 344, 419, 818, 976, 355, 512]
[412, 794, 882, 344, 0, 800, 447, 238, 658, 595]
[963, 130, 875, 419, 800, 0, 769, 497, 547, 24]
[64, 891, 944, 818, 447, 769, 0, 887, 74, 760]
[275, 770, 357, 976, 238, 497, 887, 0, 51, 833]
[39, 656, 495, 355, 658, 547, 74, 51, 0, 964]
[618, 616, 204, 512, 595, 24, 760, 833, 964, 0]
number of nodes : 10
naive solution:
Done
[[1, 2, 6, 10, 3, 4, 5, 8, 9, 7, 1]]
1930
Time of Program 1.20678305626
my solution:
Done
[[1, 7, 9, 8, 5, 4, 3, 2, 6, 10, 1]]
2013
Time of Program 0.00105714797974
#######################################################
32 8
33 10
34 6
35 6
36 7
37 9
38 7
39 8
40 7
41 10
42 10
#######################################################
[0, 812, 149, 479, 402, 644, 745, 478, 72, 879]
[812, 0, 21, 772, 486, 673, 214, 879, 232, 879]
[149, 21, 0, 553, 628, 17, 541, 6, 58, 997]
[479, 772, 553, 0, 10, 924, 911, 784, 296, 441]
[402, 486, 628, 10, 0, 864, 888, 632, 335, 701]
[644, 673, 17, 924, 864, 0, 111, 78, 952, 414]
[745, 214, 541, 911, 888, 111, 0, 246, 752, 585]
[478, 879, 6, 784, 632, 78, 246, 0, 760, 448]
[72, 232, 58, 296, 335, 952, 752, 760, 0, 688]
[879, 879, 997, 441, 701, 414, 585, 448, 688, 0]
number of nodes : 10
naive solution:
Done
[[1, 5, 4, 10, 8, 6, 7, 2, 3, 9, 1]]
1855
Time of Program 1.16819596291
my solution:
Done
[[1, 4, 5, 10, 8, 6, 7, 2, 3, 9, 1]]
2192
Time of Program 0.00085711479187
#######################################################
43 6
44 8
45 7
46 8
47 10
48 10
49 8
50 10
51 10
#######################################################
[0, 900, 558, 385, 0, 328, 755, 100, 901, 490]
[900, 0, 390, 25, 636, 416, 650, 267, 487, 229]
[558, 390, 0, 498, 37, 177, 350, 932, 483, 653]
[385, 25, 498, 0, 811, 530, 132, 488, 965, 277]
[0, 636, 37, 811, 0, 483, 725, 140, 789, 830]
[328, 416, 177, 530, 483, 0, 841, 106, 769, 445]
[755, 650, 350, 132, 725, 841, 0, 562, 948, 272]
[100, 267, 932, 488, 140, 106, 562, 0, 822, 124]
[901, 487, 483, 965, 789, 769, 948, 822, 0, 834]
[490, 229, 653, 277, 830, 445, 272, 124, 834, 0]
number of nodes : 10
naive solution:
Done
[[1, 5, 3, 9, 2, 4, 7, 10, 8, 6, 1]]
1994
Time of Program 1.16385889053
my solution:
Done
[[1, 5, 3, 9, 2, 4, 7, 10, 6, 8, 1]]
2087
Time of Program 0.000997066497803
#######################################################
52 10
#######################################################
[0, 160, 799, 852, 223, 771, 827, 562, 285, 632]
[160, 0, 398, 628, 737, 358, 503, 875, 954, 373]
[799, 398, 0, 297, 585, 661, 109, 787, 59, 962]
[852, 628, 297, 0, 191, 28, 934, 227, 809, 429]
[223, 737, 585, 191, 0, 120, 761, 668, 535, 844]
[771, 358, 661, 28, 120, 0, 858, 97, 315, 750]
[827, 503, 109, 934, 761, 858, 0, 233, 767, 656]
[562, 875, 787, 227, 668, 97, 233, 0, 207, 281]
[285, 954, 59, 809, 535, 315, 767, 207, 0, 604]
[632, 373, 962, 429, 844, 750, 656, 281, 604, 0]
number of nodes : 10
naive solution:
Done
[[1, 2, 10, 8, 7, 3, 9, 6, 4, 5, 1]]
1972
Time of Program 1.15571188927
my solution:
Done
[[1, 2, 7, 3, 9, 8, 10, 4, 6, 5, 1]]
2119
Time of Program 0.00107097625732
#######################################################
53 6
54 10
55 10
56 9
57 7
58 10
59 7
60 9
#######################################################
[0, 202, 163, 116, 397, 374, 434, 194, 579]
[202, 0, 353, 920, 310, 588, 275, 699, 595]
[163, 353, 0, 222, 965, 385, 807, 440, 998]
[116, 920, 222, 0, 129, 757, 559, 866, 596]
[397, 310, 965, 129, 0, 933, 964, 550, 292]
[374, 588, 385, 757, 933, 0, 470, 525, 498]
[434, 275, 807, 559, 964, 470, 0, 526, 598]
[194, 699, 440, 866, 550, 525, 526, 0, 985]
[579, 595, 998, 596, 292, 498, 598, 985, 0]
number of nodes : 9
naive solution:
Done
[[1, 2, 7, 6, 9, 5, 4, 3, 8, 1]]
2722
Time of Program 0.146566867828
my solution:
Done
[[1, 2, 7, 8, 6, 9, 5, 4, 3, 1]]
2832
Time of Program 0.00173783302307
#######################################################
61 10
62 10
63 7
64 7
65 6
66 6
67 6
68 7
69 8
70 8
71 6
72 6
73 10
74 6
75 10
#######################################################
[0, 401, 147, 776, 587, 951, 555, 771, 543, 792]
[401, 0, 566, 251, 193, 265, 298, 29, 250, 449]
[147, 566, 0, 433, 109, 615, 735, 894, 484, 893]
[776, 251, 433, 0, 431, 177, 882, 287, 65, 685]
[587, 193, 109, 431, 0, 451, 339, 322, 314, 359]
[951, 265, 615, 177, 451, 0, 752, 595, 976, 105]
[555, 298, 735, 882, 339, 752, 0, 245, 246, 880]
[771, 29, 894, 287, 322, 595, 245, 0, 212, 832]
[543, 250, 484, 65, 314, 976, 246, 212, 0, 299]
[792, 449, 893, 685, 359, 105, 880, 832, 299, 0]
number of nodes : 10
naive solution:
Done
[[1, 2, 8, 7, 9, 4, 6, 10, 5, 3, 1]]
1883
Time of Program 1.21529698372
my solution:
Done
[[1, 3, 5, 10, 6, 4, 9, 2, 8, 7, 1]]
2041
Time of Program 0.00103998184204
#######################################################
76 9
77 10
#######################################################
[0, 910, 254, 530, 388, 591, 15, 668, 545, 430]
[910, 0, 861, 676, 18, 151, 870, 742, 290, 215]
[254, 861, 0, 81, 227, 419, 493, 383, 998, 263]
[530, 676, 81, 0, 188, 227, 808, 54, 954, 754]
[388, 18, 227, 188, 0, 591, 144, 26, 923, 389]
[591, 151, 419, 227, 591, 0, 625, 615, 358, 871]
[15, 870, 493, 808, 144, 625, 0, 346, 793, 599]
[668, 742, 383, 54, 26, 615, 346, 0, 631, 304]
[545, 290, 998, 954, 923, 358, 793, 631, 0, 855]
[430, 215, 263, 754, 389, 871, 599, 304, 855, 0]
number of nodes : 10
naive solution:
Done
[[1, 3, 10, 2, 9, 6, 4, 8, 5, 7, 1]]
1846
Time of Program 1.23998618126
my solution:
Done
[[1, 7, 8, 5, 2, 9, 6, 4, 3, 10, 1]]
2054
Time of Program 0.000885009765625
#######################################################
78 6
79 8
80 6
81 7
#######################################################
[0, 763, 88, 246, 857, 429, 909]
[763, 0, 302, 68, 680, 134, 982]
[88, 302, 0, 795, 169, 65, 589]
[246, 68, 795, 0, 105, 189, 219]
[857, 680, 169, 105, 0, 286, 155]
[429, 134, 65, 189, 286, 0, 389]
[909, 982, 589, 219, 155, 389, 0]
number of nodes : 7
naive solution:
Done
[[1, 3, 5, 7, 6, 2, 4, 1]]
1249
Time of Program 0.00215005874634
my solution:
Done
[[1, 3, 5, 7, 4, 2, 6, 1]]
1262
Time of Program 0.000335931777954
#######################################################
82 10
83 10
#######################################################
[0, 980, 993, 637, 399, 498, 579, 221, 761, 725]
[980, 0, 664, 898, 846, 377, 333, 84, 503, 132]
[993, 664, 0, 352, 911, 526, 146, 666, 585, 770]
[637, 898, 352, 0, 74, 438, 808, 123, 871, 961]
[399, 846, 911, 74, 0, 662, 850, 867, 122, 810]
[498, 377, 526, 438, 662, 0, 103, 923, 28, 899]
[579, 333, 146, 808, 850, 103, 0, 697, 234, 796]
[221, 84, 666, 123, 867, 923, 697, 0, 123, 626]
[761, 503, 585, 871, 122, 28, 234, 123, 0, 996]
[725, 132, 770, 961, 810, 899, 796, 626, 996, 0]
number of nodes : 10
naive solution:
Done
[[1, 5, 4, 3, 7, 6, 9, 8, 2, 10, 1]]
2166
Time of Program 1.15987491608
my solution:
Done
[[1, 6, 9, 5, 4, 3, 7, 10, 2, 8, 1]]
2453
Time of Program 0.00112795829773
#######################################################
84 7
#######################################################
[0, 779, 630, 521, 322, 923, 451]
[779, 0, 147, 775, 371, 912, 438]
[630, 147, 0, 126, 100, 281, 837]
[521, 775, 126, 0, 127, 621, 126]
[322, 371, 100, 127, 0, 100, 629]
[923, 912, 281, 621, 100, 0, 752]
[451, 438, 837, 126, 629, 752, 0]
number of nodes : 7
naive solution:
Done
[[1, 4, 7, 2, 3, 6, 5, 1]]
1935
Time of Program 0.00209903717041
my solution:
Done
[[1, 2, 3, 6, 5, 4, 7, 1]]
2011
Time of Program 0.00039005279541
#######################################################
85 10
86 8
87 10
88 10
#######################################################
[0, 282, 950, 301, 331, 25, 602, 551, 231, 57]
[282, 0, 569, 717, 58, 486, 716, 658, 487, 748]
[950, 569, 0, 661, 96, 169, 288, 215, 641, 814]
[301, 717, 661, 0, 616, 679, 625, 639, 630, 930]
[331, 58, 96, 616, 0, 239, 708, 578, 983, 755]
[25, 486, 169, 679, 239, 0, 274, 40, 685, 570]
[602, 716, 288, 625, 708, 274, 0, 315, 960, 651]
[551, 658, 215, 639, 578, 40, 315, 0, 100, 189]
[231, 487, 641, 630, 983, 685, 960, 100, 0, 185]
[57, 748, 814, 930, 755, 570, 651, 189, 185, 0]
number of nodes : 10
naive solution:
Done
[[1, 4, 2, 5, 3, 7, 6, 8, 9, 10, 1]]
2116
Time of Program 1.1485118866
my solution:
Done
[[1, 4, 7, 3, 5, 2, 6, 8, 9, 10, 1]]
2236
Time of Program 0.0010449886322
#######################################################
89 9
90 8
91 9
92 7
93 8
94 7
#######################################################
[0, 57, 347, 514, 955, 746, 931]
[57, 0, 194, 759, 322, 184, 123]
[347, 194, 0, 741, 132, 181, 634]
[514, 759, 741, 0, 273, 735, 757]
[955, 322, 132, 273, 0, 355, 522]
[746, 184, 181, 735, 355, 0, 862]
[931, 123, 634, 757, 522, 862, 0]
number of nodes : 7
naive solution:
Done
[[1, 2, 7, 4, 5, 6, 3, 1]]
2093
Time of Program 0.00216913223267
my solution:
Done
[[1, 2, 7, 3, 6, 5, 4, 1]]
2137
Time of Program 0.000445127487183
#######################################################
95 6
96 6
97 9
98 6
99 10
#######################################################
[0, 640, 441, 454, 133, 835, 188, 314, 178, 221]
[640, 0, 268, 745, 611, 26, 505, 217, 328, 466]
[441, 268, 0, 945, 462, 146, 443, 655, 473, 968]
[454, 745, 945, 0, 49, 26, 415, 391, 281, 623]
[133, 611, 462, 49, 0, 495, 852, 6, 40, 473]
[835, 26, 146, 26, 495, 0, 919, 881, 293, 779]
[188, 505, 443, 415, 852, 919, 0, 370, 313, 297]
[314, 217, 655, 391, 6, 881, 370, 0, 808, 780]
[178, 328, 473, 281, 40, 293, 313, 808, 0, 69]
[221, 466, 968, 623, 473, 779, 297, 780, 69, 0]
number of nodes : 10
naive solution:
Done
[[1, 7, 8, 2, 3, 6, 4, 5, 9, 10, 1]]
1594
Time of Program 1.14967393875
my solution:
Done
[[1, 7, 8, 5, 4, 6, 3, 2, 9, 10, 1]]
1671
Time of Program 0.000932931900024
#######################################################
100 8
