1 10
#######################################################
[0, 474, 613, 754, 981, 704, 778, 638, 960, 713]
[474, 0, 639, 836, 417, 110, 869, 303, 281, 94]
[613, 639, 0, 727, 347, 446, 512, 285, 834, 743]
[754, 836, 727, 0, 64, 516, 162, 677, 302, 226]
[981, 417, 347, 64, 0, 677, 548, 338, 287, 595]
[704, 110, 446, 516, 677, 0, 373, 602, 803, 641]
[778, 869, 512, 162, 548, 373, 0, 7, 739, 640]
[638, 303, 285, 677, 338, 602, 7, 0, 777, 277]
[960, 281, 834, 302, 287, 803, 739, 777, 0, 329]
[713, 94, 743, 226, 595, 641, 640, 277, 329, 0]
number of nodes : 10
naive solution:
Done
number of nodes: 4 sequence: 
[[1, 2, 3, 4, 1]]
distance: 2594
number of nodes: 5 sequence: 
[[1, 2, 3, 5, 4, 1]]
distance: 2278
number of nodes: 6 sequence: 
[[1, 4, 5, 3, 2, 6, 1]]
distance: 2618
number of nodes: 7 sequence: 
[[1, 2, 6, 3, 5, 4, 7, 1]]
distance: 2381
number of nodes: 8 sequence: 
[[1, 2, 6, 3, 5, 4, 7, 8, 1]]
distance: 2248
number of nodes: 9 sequence: 
[[1, 2, 6, 3, 8, 7, 4, 5, 9, 1]]
distance: 2795
number of nodes: 10 sequence: 
[[1, 3, 8, 7, 4, 5, 9, 10, 2, 6, 1]]
distance: 2655
Time of Program 1.24849891663
my solution:
Done
adding node4
[[1, 2, 3, 4, 1]]
distance :2594
adding node5
[[1, 2, 3, 5, 4, 1]]
distance :2278
adding node6
[[1, 2, 6, 4, 5, 3, 1]]
distance :2124
adding node7
[[1, 2, 6, 7, 4, 5, 3, 1]]
distance :2143
adding node8
[[1, 2, 6, 3, 5, 4, 7, 8, 1]]
distance :2248
adding node9
[[1, 3, 6, 2, 9, 5, 4, 7, 8, 1]]
distance :2608
adding node10
[[1, 3, 6, 2, 10, 9, 5, 4, 7, 8, 1]]
distance :2750

Time of Program 0.00109195709229
#######################################################
2 9
3 10
4 7
5 9
6 10
7 8
8 9
#######################################################
[0, 561, 202, 778, 510, 831, 40, 46, 254]
[561, 0, 291, 673, 981, 731, 29, 627, 97]
[202, 291, 0, 659, 840, 254, 313, 653, 3]
[778, 673, 659, 0, 756, 578, 113, 768, 223]
[510, 981, 840, 756, 0, 721, 880, 246, 321]
[831, 731, 254, 578, 721, 0, 505, 233, 387]
[40, 29, 313, 113, 880, 505, 0, 923, 906]
[46, 627, 653, 768, 246, 233, 923, 0, 492]
[254, 97, 3, 223, 321, 387, 906, 492, 0]
number of nodes : 9
naive solution:
Done
number of nodes: 4 sequence: 
[[1, 3, 2, 4, 1]]
distance: 1944
number of nodes: 5 sequence: 
[[1, 3, 2, 4, 5, 1]]
distance: 2432
number of nodes: 6 sequence: 
[[1, 2, 3, 6, 4, 5, 1]]
distance: 2950
number of nodes: 7 sequence: 
[[1, 5, 4, 6, 3, 2, 7, 1]]
distance: 2458
number of nodes: 8 sequence: 
[[1, 3, 2, 7, 4, 6, 5, 8, 1]]
distance: 2226
number of nodes: 9 sequence: 
[[1, 3, 6, 4, 7, 2, 9, 5, 8, 1]]
distance: 1886
Time of Program 0.138570070267
my solution:
Done
adding node4
[[1, 3, 2, 4, 1]]
distance :1944
adding node5
[[1, 3, 2, 4, 5, 1]]
distance :2432
adding node6
[[1, 2, 3, 6, 4, 5, 1]]
distance :2950
adding node7
[[1, 3, 2, 7, 4, 6, 5, 1]]
distance :2444
adding node8
[[1, 3, 2, 7, 4, 6, 8, 5, 1]]
distance :2202
adding node9
[[1, 3, 9, 2, 7, 4, 6, 8, 5, 1]]
distance :2011

Time of Program 0.000906944274902
#######################################################
9 8
10 8
#######################################################
[0, 678, 390, 203, 390, 191, 801, 299]
[678, 0, 599, 359, 567, 135, 977, 974]
[390, 599, 0, 427, 522, 779, 71, 370]
[203, 359, 427, 0, 473, 105, 390, 107]
[390, 567, 522, 473, 0, 421, 422, 517]
[191, 135, 779, 105, 421, 0, 639, 561]
[801, 977, 71, 390, 422, 639, 0, 595]
[299, 974, 370, 107, 517, 561, 595, 0]
number of nodes : 8
naive solution:
Done
number of nodes: 4 sequence: 
[[1, 3, 2, 4, 1]]
distance: 1551
number of nodes: 5 sequence: 
[[1, 4, 2, 3, 5, 1]]
distance: 2073
number of nodes: 6 sequence: 
[[1, 5, 3, 4, 2, 6, 1]]
distance: 2024
number of nodes: 7 sequence: 
[[1, 4, 2, 3, 7, 5, 6, 1]]
distance: 2266
number of nodes: 8 sequence: 
[[1, 5, 7, 3, 8, 4, 2, 6, 1]]
distance: 2045
Time of Program 0.0157611370087
my solution:
Done
adding node4
[[1, 3, 2, 4, 1]]
distance :1551
adding node5
[[1, 3, 5, 2, 4, 1]]
distance :2041
adding node6
[[1, 3, 5, 2, 6, 4, 1]]
distance :1922
adding node7
[[1, 3, 7, 5, 2, 6, 4, 1]]
distance :1893
adding node8
[[1, 4, 8, 3, 7, 5, 2, 6, 1]]
distance :2066

Time of Program 0.000630140304565
#######################################################
11 9
12 8
#######################################################
[0, 110, 796, 31, 295, 549, 810, 497]
[110, 0, 221, 720, 468, 628, 186, 536]
[796, 221, 0, 873, 871, 864, 446, 916]
[31, 720, 873, 0, 656, 217, 276, 150]
[295, 468, 871, 656, 0, 973, 93, 696]
[549, 628, 864, 217, 973, 0, 988, 810]
[810, 186, 446, 276, 93, 988, 0, 739]
[497, 536, 916, 150, 696, 810, 739, 0]
number of nodes : 8
naive solution:
Done
number of nodes: 4 sequence: 
[[1, 2, 3, 4, 1]]
distance: 1235
number of nodes: 5 sequence: 
[[1, 4, 3, 2, 5, 1]]
distance: 1888
number of nodes: 6 sequence: 
[[1, 2, 3, 6, 4, 5, 1]]
distance: 2363
number of nodes: 7 sequence: 
[[1, 4, 6, 3, 2, 5, 7, 1]]
distance: 2704
number of nodes: 8 sequence: 
[[1, 2, 3, 7, 5, 8, 4, 6, 1]]
distance: 2482
Time of Program 0.0159142017365
my solution:
Done
adding node4
[[1, 2, 3, 4, 1]]
distance :1235
adding node5
[[1, 4, 3, 2, 5, 1]]
distance :1888
adding node6
[[1, 4, 6, 3, 2, 5, 1]]
distance :2096
adding node7
[[1, 4, 6, 3, 2, 7, 5, 1]]
distance :1907
adding node8
[[1, 5, 7, 3, 2, 8, 4, 6, 1]]
distance :2507

Time of Program 0.000638961791992
#######################################################
13 9
14 7
15 7
16 7
17 8
#######################################################
[0, 54, 355, 890, 615, 170, 943, 15]
[54, 0, 232, 995, 823, 247, 986, 220]
[355, 232, 0, 15, 40, 739, 734, 799]
[890, 995, 15, 0, 105, 378, 229, 1000]
[615, 823, 40, 105, 0, 337, 747, 656]
[170, 247, 739, 378, 337, 0, 614, 632]
[943, 986, 734, 229, 747, 614, 0, 372]
[15, 220, 799, 1000, 656, 632, 372, 0]
number of nodes : 8
naive solution:
Done
number of nodes: 4 sequence: 
[[1, 2, 3, 4, 1]]
distance: 1191
number of nodes: 5 sequence: 
[[1, 2, 3, 4, 5, 1]]
distance: 1021
number of nodes: 6 sequence: 
[[1, 2, 3, 4, 5, 6, 1]]
distance: 913
number of nodes: 7 sequence: 
[[1, 2, 3, 5, 4, 7, 6, 1]]
distance: 1444
number of nodes: 8 sequence: 
[[1, 2, 6, 5, 3, 4, 7, 8, 1]]
distance: 1309
Time of Program 0.0155611038208
my solution:
Done
adding node4
[[1, 2, 3, 4, 1]]
distance :1191
adding node5
[[1, 2, 3, 4, 5, 1]]
distance :1021
adding node6
[[1, 2, 3, 4, 5, 6, 1]]
distance :913
adding node7
[[1, 2, 3, 5, 4, 7, 6, 1]]
distance :1444
adding node8
[[1, 6, 2, 3, 5, 4, 7, 8, 1]]
distance :1410

Time of Program 0.000596046447754
#######################################################
18 8
19 10
20 8
21 6
22 6
23 7
24 8
#######################################################
[0, 838, 878, 689, 387, 527, 142, 799]
[838, 0, 0, 373, 449, 685, 275, 541]
[878, 0, 0, 364, 338, 795, 109, 300]
[689, 373, 364, 0, 259, 502, 637, 900]
[387, 449, 338, 259, 0, 41, 883, 65]
[527, 685, 795, 502, 41, 0, 605, 854]
[142, 275, 109, 637, 883, 605, 0, 722]
[799, 541, 300, 900, 65, 854, 722, 0]
number of nodes : 8
naive solution:
Done
number of nodes: 4 sequence: 
[[1, 2, 3, 4, 1]]
distance: 1891
number of nodes: 5 sequence: 
[[1, 4, 2, 3, 5, 1]]
distance: 1787
number of nodes: 6 sequence: 
[[1, 4, 2, 3, 5, 6, 1]]
distance: 1968
number of nodes: 7 sequence: 
[[1, 6, 5, 4, 2, 3, 7, 1]]
distance: 1451
number of nodes: 8 sequence: 
[[1, 4, 6, 5, 8, 3, 2, 7, 1]]
distance: 2014
Time of Program 0.0156171321869
my solution:
Done
adding node4
[[1, 2, 3, 4, 1]]
distance :1891
adding node5
[[1, 4, 2, 3, 5, 1]]
distance :1787
adding node6
[[1, 4, 2, 3, 5, 6, 1]]
distance :1968
adding node7
[[1, 6, 5, 4, 2, 3, 7, 1]]
distance :1451
adding node8
[[1, 7, 3, 2, 4, 6, 5, 8, 1]]
distance :2031

Time of Program 0.00071907043457
#######################################################
25 6
26 9
27 10
28 9
29 7
30 7
31 8
#######################################################
[0, 57, 666, 317, 967, 360, 816, 534]
[57, 0, 998, 76, 1, 159, 895, 487]
[666, 998, 0, 918, 543, 563, 272, 262]
[317, 76, 918, 0, 345, 827, 108, 511]
[967, 1, 543, 345, 0, 500, 689, 655]
[360, 159, 563, 827, 500, 0, 104, 232]
[816, 895, 272, 108, 689, 104, 0, 536]
[534, 487, 262, 511, 655, 232, 536, 0]
number of nodes : 8
naive solution:
Done
number of nodes: 4 sequence: 
[[1, 2, 4, 3, 1]]
distance: 1717
number of nodes: 5 sequence: 
[[1, 2, 5, 3, 4, 1]]
distance: 1836
number of nodes: 6 sequence: 
[[1, 4, 2, 5, 3, 6, 1]]
distance: 1860
number of nodes: 7 sequence: 
[[1, 4, 2, 5, 3, 7, 6, 1]]
distance: 1673
number of nodes: 8 sequence: 
[[1, 2, 5, 3, 8, 6, 7, 4, 1]]
distance: 1624
Time of Program 0.017566204071
my solution:
Done
adding node4
[[1, 2, 4, 3, 1]]
distance :1717
adding node5
[[1, 3, 5, 2, 4, 1]]
distance :1603
adding node6
[[1, 4, 2, 5, 3, 6, 1]]
distance :1860
adding node7
[[1, 4, 2, 5, 3, 7, 6, 1]]
distance :1673
adding node8
[[1, 2, 5, 4, 8, 3, 7, 6, 1]]
distance :1912

Time of Program 0.000622987747192
#######################################################
32 6
33 9
34 6
35 8
36 10
#######################################################
[0, 668, 711, 986, 77, 659, 8, 391, 511, 401]
[668, 0, 843, 409, 286, 69, 581, 931, 528, 77]
[711, 843, 0, 525, 330, 293, 529, 371, 764, 188]
[986, 409, 525, 0, 726, 288, 916, 573, 37, 763]
[77, 286, 330, 726, 0, 325, 901, 402, 907, 874]
[659, 69, 293, 288, 325, 0, 102, 70, 801, 147]
[8, 581, 529, 916, 901, 102, 0, 359, 917, 7]
[391, 931, 371, 573, 402, 70, 359, 0, 151, 550]
[511, 528, 764, 37, 907, 801, 917, 151, 0, 72]
[401, 77, 188, 763, 874, 147, 7, 550, 72, 0]
number of nodes : 10
naive solution:
Done
number of nodes: 4 sequence: 
[[1, 2, 4, 3, 1]]
distance: 2313
number of nodes: 5 sequence: 
[[1, 3, 4, 2, 5, 1]]
distance: 2008
number of nodes: 6 sequence: 
[[1, 5, 3, 4, 2, 6, 1]]
distance: 2069
number of nodes: 7 sequence: 
[[1, 5, 3, 4, 2, 6, 7, 1]]
distance: 1520
number of nodes: 8 sequence: 
[[1, 5, 3, 4, 2, 6, 8, 7, 1]]
distance: 1847
number of nodes: 9 sequence: 
[[1, 7, 6, 2, 5, 3, 4, 9, 8, 1]]
distance: 1899
number of nodes: 10 sequence: 
[[1, 5, 3, 4, 9, 8, 6, 2, 10, 7, 1]]
distance: 1351
Time of Program 1.32005190849
my solution:
Done
adding node4
[[1, 2, 4, 3, 1]]
distance :2313
adding node5
[[1, 3, 4, 2, 5, 1]]
distance :2008
adding node6
[[1, 3, 4, 6, 2, 5, 1]]
distance :1956
adding node7
[[1, 5, 3, 4, 2, 6, 7, 1]]
distance :1520
adding node8
[[1, 5, 3, 4, 2, 6, 8, 7, 1]]
distance :1847
adding node9
[[1, 5, 3, 8, 9, 4, 2, 6, 7, 1]]
distance :1554
adding node10
[[1, 5, 3, 10, 2, 4, 9, 8, 6, 7, 1]]
distance :1449

Time of Program 0.00126099586487
#######################################################
37 6
38 10
39 7
40 7
41 9
#######################################################
[0, 4, 646, 320, 738, 536, 694, 687, 238]
[4, 0, 905, 565, 941, 292, 616, 104, 869]
[646, 905, 0, 389, 141, 340, 178, 411, 411]
[320, 565, 389, 0, 274, 480, 884, 145, 261]
[738, 941, 141, 274, 0, 961, 887, 170, 933]
[536, 292, 340, 480, 961, 0, 515, 698, 311]
[694, 616, 178, 884, 887, 515, 0, 546, 598]
[687, 104, 411, 145, 170, 698, 546, 0, 905]
[238, 869, 411, 261, 933, 311, 598, 905, 0]
number of nodes : 9
naive solution:
Done
number of nodes: 4 sequence: 
[[1, 2, 4, 3, 1]]
distance: 1604
number of nodes: 5 sequence: 
[[1, 2, 3, 5, 4, 1]]
distance: 1644
number of nodes: 6 sequence: 
[[1, 2, 4, 5, 3, 6, 1]]
distance: 1860
number of nodes: 7 sequence: 
[[1, 2, 6, 4, 5, 3, 7, 1]]
distance: 2063
number of nodes: 8 sequence: 
[[1, 2, 6, 7, 3, 5, 4, 8, 1]]
distance: 2236
number of nodes: 9 sequence: 
[[1, 2, 8, 4, 5, 3, 7, 6, 9, 1]]
distance: 1910
Time of Program 0.141404867172
my solution:
Done
adding node4
[[1, 2, 4, 3, 1]]
distance :1604
adding node5
[[1, 2, 4, 5, 3, 1]]
distance :1630
adding node6
[[1, 2, 6, 3, 5, 4, 1]]
distance :1371
adding node7
[[1, 2, 6, 7, 3, 5, 4, 1]]
distance :1724
adding node8
[[1, 2, 6, 7, 3, 5, 8, 4, 1]]
distance :1765
adding node9
[[1, 2, 6, 7, 3, 5, 8, 4, 9, 1]]
distance :1944

Time of Program 0.000854015350342
#######################################################
42 9
43 10
44 9
#######################################################
[0, 512, 472, 321, 699, 351, 593, 439, 315]
[512, 0, 233, 974, 30, 70, 901, 541, 54]
[472, 233, 0, 782, 220, 24, 268, 706, 429]
[321, 974, 782, 0, 355, 132, 822, 267, 89]
[699, 30, 220, 355, 0, 663, 512, 401, 565]
[351, 70, 24, 132, 663, 0, 45, 977, 825]
[593, 901, 268, 822, 512, 45, 0, 999, 158]
[439, 541, 706, 267, 401, 977, 999, 0, 585]
[315, 54, 429, 89, 565, 825, 158, 585, 0]
number of nodes : 9
naive solution:
Done
number of nodes: 4 sequence: 
[[1, 2, 3, 4, 1]]
distance: 1848
number of nodes: 5 sequence: 
[[1, 3, 2, 5, 4, 1]]
distance: 1411
number of nodes: 6 sequence: 
[[1, 4, 5, 2, 3, 6, 1]]
distance: 1314
number of nodes: 7 sequence: 
[[1, 4, 5, 2, 3, 6, 7, 1]]
distance: 1601
number of nodes: 8 sequence: 
[[1, 4, 6, 7, 3, 2, 5, 8, 1]]
distance: 1869
number of nodes: 9 sequence: 
[[1, 4, 9, 7, 6, 3, 2, 5, 8, 1]]
distance: 1740
Time of Program 0.13498210907
my solution:
Done
adding node4
[[1, 2, 3, 4, 1]]
distance :1848
adding node5
[[1, 3, 2, 5, 4, 1]]
distance :1411
adding node6
[[1, 2, 5, 3, 6, 4, 1]]
distance :1239
adding node7
[[1, 2, 5, 3, 7, 6, 4, 1]]
distance :1528
adding node8
[[1, 4, 6, 7, 3, 2, 5, 8, 1]]
distance :1869
adding node9
[[1, 8, 4, 6, 7, 3, 5, 2, 9, 1]]
distance :1770

Time of Program 0.000866889953613
#######################################################
45 10
#######################################################
[0, 477, 867, 448, 878, 574, 718, 104, 782, 392]
[477, 0, 273, 195, 7, 612, 472, 538, 850, 632]
[867, 273, 0, 840, 446, 294, 749, 232, 291, 874]
[448, 195, 840, 0, 250, 291, 187, 498, 527, 668]
[878, 7, 446, 250, 0, 279, 423, 866, 536, 509]
[574, 612, 294, 291, 279, 0, 680, 8, 1000, 675]
[718, 472, 749, 187, 423, 680, 0, 749, 143, 704]
[104, 538, 232, 498, 866, 8, 749, 0, 890, 393]
[782, 850, 291, 527, 536, 1000, 143, 890, 0, 649]
[392, 632, 874, 668, 509, 675, 704, 393, 649, 0]
number of nodes : 10
naive solution:
Done
number of nodes: 4 sequence: 
[[1, 3, 2, 4, 1]]
distance: 1783
number of nodes: 5 sequence: 
[[1, 3, 2, 5, 4, 1]]
distance: 1845
number of nodes: 6 sequence: 
[[1, 4, 5, 2, 3, 6, 1]]
distance: 1846
number of nodes: 7 sequence: 
[[1, 6, 3, 2, 5, 4, 7, 1]]
distance: 2303
number of nodes: 8 sequence: 
[[1, 4, 7, 5, 2, 3, 6, 8, 1]]
distance: 1744
number of nodes: 9 sequence: 
[[1, 8, 6, 3, 2, 5, 4, 7, 9, 1]]
distance: 2048
number of nodes: 10 sequence: 
[[1, 8, 6, 3, 9, 7, 4, 2, 5, 10, 1]]
distance: 2130
Time of Program 1.34195303917
my solution:
Done
adding node4
[[1, 3, 2, 4, 1]]
distance :1783
adding node5
[[1, 3, 2, 5, 4, 1]]
distance :1845
adding node6
[[1, 4, 5, 2, 3, 6, 1]]
distance :1846
adding node7
[[1, 4, 7, 5, 2, 3, 6, 1]]
distance :2206
adding node8
[[1, 4, 7, 5, 2, 3, 6, 8, 1]]
distance :1744
adding node9
[[1, 4, 7, 9, 3, 2, 5, 6, 8, 1]]
distance :1740
adding node10
[[1, 8, 6, 4, 7, 9, 3, 2, 5, 10, 1]]
distance :2205

Time of Program 0.000997066497803
#######################################################
46 8
47 8
#######################################################
[0, 864, 724, 148, 256, 152, 320, 662]
[864, 0, 862, 322, 572, 545, 561, 742]
[724, 862, 0, 662, 373, 363, 231, 406]
[148, 322, 662, 0, 65, 226, 48, 898]
[256, 572, 373, 65, 0, 450, 377, 620]
[152, 545, 363, 226, 450, 0, 679, 511]
[320, 561, 231, 48, 377, 679, 0, 829]
[662, 742, 406, 898, 620, 511, 829, 0]
number of nodes : 8
naive solution:
Done
number of nodes: 4 sequence: 
[[1, 3, 2, 4, 1]]
distance: 2056
number of nodes: 5 sequence: 
[[1, 4, 2, 3, 5, 1]]
distance: 1961
number of nodes: 6 sequence: 
[[1, 4, 2, 5, 3, 6, 1]]
distance: 1930
number of nodes: 7 sequence: 
[[1, 6, 2, 4, 5, 3, 7, 1]]
distance: 2008
number of nodes: 8 sequence: 
[[1, 5, 4, 7, 3, 8, 2, 6, 1]]
distance: 2445
Time of Program 0.0175650119781
my solution:
Done
adding node4
[[1, 3, 2, 4, 1]]
distance :2056
adding node5
[[1, 4, 2, 3, 5, 1]]
distance :1961
adding node6
[[1, 4, 2, 5, 3, 6, 1]]
distance :1930
adding node7
[[1, 5, 3, 7, 4, 2, 6, 1]]
distance :1927
adding node8
[[1, 5, 2, 4, 7, 3, 8, 6, 1]]
distance :2498

Time of Program 0.000617027282715
#######################################################
48 10
49 10
#######################################################
[0, 612, 319, 289, 571, 763, 761, 442, 447, 428]
[612, 0, 579, 325, 232, 504, 754, 324, 359, 346]
[319, 579, 0, 233, 160, 587, 611, 534, 135, 839]
[289, 325, 233, 0, 923, 61, 772, 419, 40, 349]
[571, 232, 160, 923, 0, 845, 28, 947, 576, 130]
[763, 504, 587, 61, 845, 0, 694, 688, 156, 667]
[761, 754, 611, 772, 28, 694, 0, 809, 932, 825]
[442, 324, 534, 419, 947, 688, 809, 0, 661, 73]
[447, 359, 135, 40, 576, 156, 932, 661, 0, 97]
[428, 346, 839, 349, 130, 667, 825, 73, 97, 0]
number of nodes : 10
naive solution:
Done
number of nodes: 4 sequence: 
[[1, 2, 4, 3, 1]]
distance: 1489
number of nodes: 5 sequence: 
[[1, 2, 5, 3, 4, 1]]
distance: 1526
number of nodes: 6 sequence: 
[[1, 3, 5, 2, 4, 6, 1]]
distance: 1860
number of nodes: 7 sequence: 
[[1, 3, 4, 6, 2, 5, 7, 1]]
distance: 2138
number of nodes: 8 sequence: 
[[1, 3, 4, 6, 7, 5, 2, 8, 1]]
distance: 2333
number of nodes: 9 sequence: 
[[1, 8, 2, 5, 7, 3, 4, 6, 9, 1]]
distance: 2534
number of nodes: 10 sequence: 
[[1, 3, 7, 5, 2, 8, 10, 9, 6, 4, 1]]
distance: 2190
Time of Program 1.26622700691
my solution:
Done
adding node4
[[1, 2, 4, 3, 1]]
distance :1489
adding node5
[[1, 3, 5, 2, 4, 1]]
distance :1325
adding node6
[[1, 3, 5, 2, 6, 4, 1]]
distance :1565
adding node7
[[1, 3, 7, 5, 2, 6, 4, 1]]
distance :2044
adding node8
[[1, 3, 4, 6, 7, 5, 2, 8, 1]]
distance :2333
adding node9
[[1, 3, 9, 4, 6, 7, 5, 2, 8, 1]]
distance :2275
adding node10
[[1, 3, 9, 10, 8, 2, 5, 7, 6, 4, 1]]
distance :2252

Time of Program 0.00121808052063
#######################################################
50 6
51 10
52 8
53 6
54 6
55 6
56 9
#######################################################
[0, 79, 684, 3, 946, 559, 745, 537, 630]
[79, 0, 892, 121, 586, 780, 721, 169, 500]
[684, 892, 0, 678, 5, 606, 569, 652, 329]
[3, 121, 678, 0, 636, 76, 108, 623, 51]
[946, 586, 5, 636, 0, 556, 493, 798, 559]
[559, 780, 606, 76, 556, 0, 674, 512, 152]
[745, 721, 569, 108, 493, 674, 0, 70, 9]
[537, 169, 652, 623, 798, 512, 70, 0, 441]
[630, 500, 329, 51, 559, 152, 9, 441, 0]
number of nodes : 9
naive solution:
Done
number of nodes: 4 sequence: 
[[1, 2, 4, 3, 1]]
distance: 1562
number of nodes: 5 sequence: 
[[1, 2, 5, 3, 4, 1]]
distance: 1351
number of nodes: 6 sequence: 
[[1, 4, 2, 5, 3, 6, 1]]
distance: 1880
number of nodes: 7 sequence: 
[[1, 2, 4, 6, 3, 5, 7, 1]]
distance: 2125
number of nodes: 8 sequence: 
[[1, 2, 4, 6, 3, 5, 7, 8, 1]]
distance: 1987
number of nodes: 9 sequence: 
[[1, 2, 8, 7, 9, 3, 5, 6, 4, 1]]
distance: 1296
Time of Program 0.133887052536
my solution:
Done
adding node4
[[1, 2, 4, 3, 1]]
distance :1562
adding node5
[[1, 2, 5, 3, 4, 1]]
distance :1351
adding node6
[[1, 2, 5, 3, 6, 4, 1]]
distance :1355
adding node7
[[1, 2, 5, 3, 7, 4, 6, 1]]
distance :1982
adding node8
[[1, 2, 8, 7, 4, 6, 5, 3, 1]]
distance :1747
adding node9
[[1, 2, 8, 7, 9, 5, 3, 6, 4, 1]]
distance :1576

Time of Program 0.000899076461792
#######################################################
57 10
58 6
59 9
60 10
61 8
#######################################################
[0, 820, 544, 161, 68, 516, 96, 463]
[820, 0, 728, 362, 173, 369, 948, 552]
[544, 728, 0, 476, 755, 33, 87, 755]
[161, 362, 476, 0, 704, 869, 706, 635]
[68, 173, 755, 704, 0, 36, 576, 543]
[516, 369, 33, 869, 36, 0, 79, 728]
[96, 948, 87, 706, 576, 79, 0, 621]
[463, 552, 755, 635, 543, 728, 621, 0]
number of nodes : 8
naive solution:
Done
number of nodes: 4 sequence: 
[[1, 3, 2, 4, 1]]
distance: 1795
number of nodes: 5 sequence: 
[[1, 4, 3, 2, 5, 1]]
distance: 1606
number of nodes: 6 sequence: 
[[1, 4, 2, 3, 6, 5, 1]]
distance: 1388
number of nodes: 7 sequence: 
[[1, 4, 2, 5, 6, 3, 7, 1]]
distance: 948
number of nodes: 8 sequence: 
[[1, 4, 8, 2, 5, 6, 3, 7, 1]]
distance: 1773
Time of Program 0.016499042511
my solution:
Done
adding node4
[[1, 3, 2, 4, 1]]
distance :1795
adding node5
[[1, 4, 3, 2, 5, 1]]
distance :1606
adding node6
[[1, 4, 3, 6, 2, 5, 1]]
distance :1280
adding node7
[[1, 5, 2, 4, 3, 6, 7, 1]]
distance :1287
adding node8
[[1, 5, 2, 8, 4, 3, 6, 7, 1]]
distance :2112

Time of Program 0.000694990158081
#######################################################
62 7
63 7
64 8
#######################################################
[0, 452, 726, 210, 664, 222, 944, 586]
[452, 0, 581, 641, 820, 508, 828, 996]
[726, 581, 0, 563, 293, 317, 32, 15]
[210, 641, 563, 0, 205, 690, 765, 440]
[664, 820, 293, 205, 0, 277, 617, 899]
[222, 508, 317, 690, 277, 0, 861, 411]
[944, 828, 32, 765, 617, 861, 0, 962]
[586, 996, 15, 440, 899, 411, 962, 0]
number of nodes : 8
naive solution:
Done
number of nodes: 4 sequence: 
[[1, 2, 3, 4, 1]]
distance: 1806
number of nodes: 5 sequence: 
[[1, 2, 3, 5, 4, 1]]
distance: 1741
number of nodes: 6 sequence: 
[[1, 4, 5, 3, 2, 6, 1]]
distance: 2019
number of nodes: 7 sequence: 
[[1, 2, 3, 7, 4, 5, 6, 1]]
distance: 2534
number of nodes: 8 sequence: 
[[1, 2, 7, 3, 8, 6, 5, 4, 1]]
distance: 2430
Time of Program 0.0163459777832
my solution:
Done
adding node4
[[1, 2, 3, 4, 1]]
distance :1806
adding node5
[[1, 2, 3, 5, 4, 1]]
distance :1741
adding node6
[[1, 2, 6, 3, 5, 4, 1]]
distance :1985
adding node7
[[1, 4, 5, 3, 7, 2, 6, 1]]
distance :2298
adding node8
[[1, 4, 5, 6, 2, 7, 3, 8, 1]]
distance :2661

Time of Program 0.00067400932312
#######################################################
65 6
66 6
67 7
68 6
69 8
70 6
71 10
#######################################################
[0, 249, 200, 258, 110, 915, 667, 464, 427, 964]
[249, 0, 134, 709, 191, 249, 731, 553, 255, 63]
[200, 134, 0, 884, 876, 594, 235, 290, 307, 95]
[258, 709, 884, 0, 818, 826, 505, 267, 541, 569]
[110, 191, 876, 818, 0, 64, 663, 100, 352, 161]
[915, 249, 594, 826, 64, 0, 72, 315, 835, 205]
[667, 731, 235, 505, 663, 72, 0, 737, 485, 896]
[464, 553, 290, 267, 100, 315, 737, 0, 338, 976]
[427, 255, 307, 541, 352, 835, 485, 338, 0, 440]
[964, 63, 95, 569, 161, 205, 896, 976, 440, 0]
number of nodes : 10
naive solution:
Done
number of nodes: 4 sequence: 
[[1, 3, 2, 4, 1]]
distance: 1301
number of nodes: 5 sequence: 
[[1, 4, 3, 2, 5, 1]]
distance: 1577
number of nodes: 6 sequence: 
[[1, 4, 3, 2, 6, 5, 1]]
distance: 1699
number of nodes: 7 sequence: 
[[1, 4, 3, 2, 5, 6, 7, 1]]
distance: 2270
number of nodes: 8 sequence: 
[[1, 3, 2, 5, 6, 7, 4, 8, 1]]
distance: 1897
number of nodes: 9 sequence: 
[[1, 4, 8, 5, 6, 7, 3, 2, 9, 1]]
distance: 1812
number of nodes: 10 sequence: 
[[1, 4, 8, 9, 2, 10, 3, 7, 6, 5, 1]]
distance: 1757
Time of Program 1.28760004044
my solution:
Done
adding node4
[[1, 3, 2, 4, 1]]
distance :1301
adding node5
[[1, 4, 3, 2, 5, 1]]
distance :1577
adding node6
[[1, 3, 2, 5, 6, 4, 1]]
distance :1673
adding node7
[[1, 3, 2, 5, 6, 7, 4, 1]]
distance :1424
adding node8
[[1, 3, 7, 6, 2, 5, 8, 4, 1]]
distance :1572
adding node9
[[1, 2, 9, 3, 7, 6, 5, 8, 4, 1]]
distance :1807
adding node10
[[1, 4, 8, 5, 6, 7, 3, 10, 2, 9, 1]]
distance :1836

Time of Program 0.00100111961365
#######################################################
72 8
73 9
#######################################################
[0, 411, 838, 731, 747, 359, 26, 891, 49]
[411, 0, 64, 530, 58, 582, 810, 939, 896]
[838, 64, 0, 388, 243, 132, 762, 935, 238]
[731, 530, 388, 0, 254, 202, 18, 613, 480]
[747, 58, 243, 254, 0, 623, 685, 502, 614]
[359, 582, 132, 202, 623, 0, 977, 786, 410]
[26, 810, 762, 18, 685, 977, 0, 43, 645]
[891, 939, 935, 613, 502, 786, 43, 0, 516]
[49, 896, 238, 480, 614, 410, 645, 516, 0]
number of nodes : 9
naive solution:
Done
number of nodes: 4 sequence: 
[[1, 2, 3, 4, 1]]
distance: 1594
number of nodes: 5 sequence: 
[[1, 2, 3, 5, 4, 1]]
distance: 1703
number of nodes: 6 sequence: 
[[1, 2, 3, 5, 4, 6, 1]]
distance: 1533
number of nodes: 7 sequence: 
[[1, 6, 3, 2, 5, 4, 7, 1]]
distance: 911
number of nodes: 8 sequence: 
[[1, 6, 3, 2, 5, 4, 8, 7, 1]]
distance: 1549
number of nodes: 9 sequence: 
[[1, 6, 3, 2, 5, 4, 7, 8, 9, 1]]
distance: 1493
Time of Program 0.12893986702
my solution:
Done
adding node4
[[1, 2, 3, 4, 1]]
distance :1594
adding node5
[[1, 2, 3, 5, 4, 1]]
distance :1703
adding node6
[[1, 2, 3, 5, 4, 6, 1]]
distance :1533
adding node7
[[1, 2, 3, 6, 5, 4, 7, 1]]
distance :1528
adding node8
[[1, 2, 3, 6, 4, 5, 8, 7, 1]]
distance :1634
adding node9
[[1, 7, 8, 5, 2, 3, 6, 4, 9, 1]]
distance :1556

Time of Program 0.000921964645386
#######################################################
74 8
75 10
#######################################################
[0, 868, 506, 947, 787, 369, 774, 739, 180, 479]
[868, 0, 739, 392, 32, 486, 441, 829, 89, 746]
[506, 739, 0, 999, 368, 623, 100, 822, 824, 159]
[947, 392, 999, 0, 29, 919, 269, 548, 368, 51]
[787, 32, 368, 29, 0, 846, 471, 156, 792, 443]
[369, 486, 623, 919, 846, 0, 775, 210, 231, 894]
[774, 441, 100, 269, 471, 775, 0, 827, 441, 776]
[739, 829, 822, 548, 156, 210, 827, 0, 196, 385]
[180, 89, 824, 368, 792, 231, 441, 196, 0, 33]
[479, 746, 159, 51, 443, 894, 776, 385, 33, 0]
number of nodes : 10
naive solution:
Done
number of nodes: 4 sequence: 
[[1, 3, 2, 4, 1]]
distance: 2584
number of nodes: 5 sequence: 
[[1, 3, 2, 5, 4, 1]]
distance: 2253
number of nodes: 6 sequence: 
[[1, 3, 5, 4, 2, 6, 1]]
distance: 2150
number of nodes: 7 sequence: 
[[1, 6, 2, 4, 5, 3, 7, 1]]
distance: 2518
number of nodes: 8 sequence: 
[[1, 3, 7, 4, 5, 2, 6, 8, 1]]
distance: 2371
number of nodes: 9 sequence: 
[[1, 3, 7, 4, 5, 2, 6, 8, 9, 1]]
distance: 2008
number of nodes: 10 sequence: 
[[1, 6, 8, 5, 4, 10, 3, 7, 2, 9, 1]]
distance: 1784
Time of Program 1.312073946
my solution:
Done
adding node4
[[1, 3, 2, 4, 1]]
distance :2584
adding node5
[[1, 2, 4, 5, 3, 1]]
distance :2163
adding node6
[[1, 3, 5, 4, 2, 6, 1]]
distance :2150
adding node7
[[1, 3, 7, 4, 5, 2, 6, 1]]
distance :1791
adding node8
[[1, 3, 7, 4, 2, 5, 8, 6, 1]]
distance :2034
adding node9
[[1, 3, 7, 4, 5, 2, 9, 8, 6, 1]]
distance :1800
adding node10
[[1, 3, 7, 4, 10, 9, 2, 5, 8, 6, 1]]
distance :1815

Time of Program 0.00154900550842
#######################################################
76 10
#######################################################
[0, 829, 299, 187, 171, 534, 350, 240, 593, 207]
[829, 0, 744, 621, 252, 700, 676, 179, 422, 783]
[299, 744, 0, 513, 920, 550, 777, 708, 308, 744]
[187, 621, 513, 0, 400, 532, 926, 92, 369, 54]
[171, 252, 920, 400, 0, 725, 241, 612, 414, 91]
[534, 700, 550, 532, 725, 0, 666, 888, 292, 336]
[350, 676, 777, 926, 241, 666, 0, 417, 360, 451]
[240, 179, 708, 92, 612, 888, 417, 0, 637, 783]
[593, 422, 308, 369, 414, 292, 360, 637, 0, 962]
[207, 783, 744, 54, 91, 336, 451, 783, 962, 0]
number of nodes : 10
naive solution:
Done
number of nodes: 4 sequence: 
[[1, 3, 2, 4, 1]]
distance: 1851
number of nodes: 5 sequence: 
[[1, 3, 4, 2, 5, 1]]
distance: 1856
number of nodes: 6 sequence: 
[[1, 5, 2, 4, 3, 6, 1]]
distance: 2641
number of nodes: 7 sequence: 
[[1, 4, 3, 6, 2, 5, 7, 1]]
distance: 2793
number of nodes: 8 sequence: 
[[1, 4, 3, 6, 7, 5, 2, 8, 1]]
distance: 2828
number of nodes: 9 sequence: 
[[1, 7, 5, 2, 8, 4, 3, 6, 9, 1]]
distance: 3062
number of nodes: 10 sequence: 
[[1, 3, 9, 6, 10, 4, 8, 2, 5, 7, 1]]
distance: 2403
Time of Program 1.32798600197
my solution:
Done
adding node4
[[1, 3, 2, 4, 1]]
distance :1851
adding node5
[[1, 3, 4, 2, 5, 1]]
distance :1856
adding node6
[[1, 4, 3, 6, 2, 5, 1]]
distance :2373
adding node7
[[1, 4, 3, 6, 2, 5, 7, 1]]
distance :2793
adding node8
[[1, 3, 6, 7, 5, 2, 8, 4, 1]]
distance :2466
adding node9
[[1, 3, 6, 9, 7, 5, 2, 8, 4, 1]]
distance :2452
adding node10
[[1, 3, 6, 9, 7, 5, 2, 8, 4, 10, 1]]
distance :2526

Time of Program 0.00139093399048
#######################################################
77 7
78 10
79 7
80 8
81 8
82 8
83 6
84 7
85 8
#######################################################
[0, 796, 908, 407, 617, 584, 638, 623]
[796, 0, 505, 515, 802, 517, 409, 945]
[908, 505, 0, 714, 662, 694, 972, 1000]
[407, 515, 714, 0, 436, 31, 347, 580]
[617, 802, 662, 436, 0, 297, 20, 877]
[584, 517, 694, 31, 297, 0, 576, 341]
[638, 409, 972, 347, 20, 576, 0, 350]
[623, 945, 1000, 580, 877, 341, 350, 0]
number of nodes : 8
naive solution:
Done
number of nodes: 4 sequence: 
[[1, 3, 2, 4, 1]]
distance: 2335
number of nodes: 5 sequence: 
[[1, 4, 2, 3, 5, 1]]
distance: 2706
number of nodes: 6 sequence: 
[[1, 3, 2, 4, 6, 5, 1]]
distance: 2873
number of nodes: 7 sequence: 
[[1, 4, 6, 2, 3, 5, 7, 1]]
distance: 2780
number of nodes: 8 sequence: 
[[1, 2, 3, 5, 7, 8, 6, 4, 1]]
distance: 3112
Time of Program 0.0164849758148
my solution:
Done
adding node4
[[1, 3, 2, 4, 1]]
distance :2335
adding node5
[[1, 4, 2, 3, 5, 1]]
distance :2706
adding node6
[[1, 2, 3, 5, 6, 4, 1]]
distance :2698
adding node7
[[1, 3, 2, 7, 5, 6, 4, 1]]
distance :2577
adding node8
[[1, 4, 6, 2, 3, 5, 7, 8, 1]]
distance :3115

Time of Program 0.000906229019165
#######################################################
86 10
87 6
88 8
#######################################################
[0, 943, 711, 672, 759, 973, 911, 937]
[943, 0, 761, 220, 346, 392, 906, 984]
[711, 761, 0, 349, 408, 714, 310, 797]
[672, 220, 349, 0, 283, 940, 819, 651]
[759, 346, 408, 283, 0, 558, 57, 913]
[973, 392, 714, 940, 558, 0, 420, 96]
[911, 906, 310, 819, 57, 420, 0, 843]
[937, 984, 797, 651, 913, 96, 843, 0]
number of nodes : 8
naive solution:
Done
number of nodes: 4 sequence: 
[[1, 2, 4, 3, 1]]
distance: 2223
number of nodes: 5 sequence: 
[[1, 3, 4, 2, 5, 1]]
distance: 2385
number of nodes: 6 sequence: 
[[1, 3, 5, 4, 2, 6, 1]]
distance: 2987
number of nodes: 7 sequence: 
[[1, 3, 4, 2, 5, 7, 6, 1]]
distance: 3076
number of nodes: 8 sequence: 
[[1, 3, 7, 5, 4, 2, 6, 8, 1]]
distance: 3006
Time of Program 0.0150020122528
my solution:
Done
adding node4
[[1, 2, 4, 3, 1]]
distance :2223
adding node5
[[1, 3, 5, 2, 4, 1]]
distance :2357
adding node6
[[1, 3, 5, 6, 2, 4, 1]]
distance :2961
adding node7
[[1, 3, 5, 7, 6, 2, 4, 1]]
distance :2880
adding node8
[[1, 3, 4, 2, 5, 7, 6, 8, 1]]
distance :3136

Time of Program 0.000658988952637
#######################################################
89 7
90 6
91 7
92 10
#######################################################
[0, 337, 632, 678, 640, 594, 938, 169, 927, 445]
[337, 0, 248, 616, 980, 530, 918, 912, 741, 81]
[632, 248, 0, 907, 455, 166, 931, 493, 431, 535]
[678, 616, 907, 0, 631, 266, 521, 917, 646, 804]
[640, 980, 455, 631, 0, 654, 304, 243, 933, 565]
[594, 530, 166, 266, 654, 0, 807, 345, 40, 681]
[938, 918, 931, 521, 304, 807, 0, 623, 281, 992]
[169, 912, 493, 917, 243, 345, 623, 0, 755, 766]
[927, 741, 431, 646, 933, 40, 281, 755, 0, 258]
[445, 81, 535, 804, 565, 681, 992, 766, 258, 0]
number of nodes : 10
naive solution:
Done
number of nodes: 4 sequence: 
[[1, 2, 3, 4, 1]]
distance: 2170
number of nodes: 5 sequence: 
[[1, 2, 3, 5, 4, 1]]
distance: 2349
number of nodes: 6 sequence: 
[[1, 2, 3, 6, 4, 5, 1]]
distance: 2288
number of nodes: 7 sequence: 
[[1, 2, 3, 6, 4, 5, 7, 1]]
distance: 2890
number of nodes: 8 sequence: 
[[1, 2, 3, 6, 4, 7, 5, 8, 1]]
distance: 2254
number of nodes: 9 sequence: 
[[1, 2, 3, 5, 4, 6, 9, 7, 8, 1]]
distance: 3050
number of nodes: 10 sequence: 
[[1, 4, 6, 3, 2, 10, 9, 7, 5, 8, 1]]
distance: 2694
Time of Program 1.24057078362
my solution:
Done
adding node4
[[1, 2, 3, 4, 1]]
distance :2170
adding node5
[[1, 2, 3, 5, 4, 1]]
distance :2349
adding node6
[[1, 2, 3, 6, 4, 5, 1]]
distance :2288
adding node7
[[1, 2, 3, 6, 4, 7, 5, 1]]
distance :2482
adding node8
[[1, 2, 3, 6, 4, 7, 5, 8, 1]]
distance :2254
adding node9
[[1, 2, 3, 9, 6, 4, 7, 5, 8, 1]]
distance :2559
adding node10
[[1, 8, 5, 7, 4, 6, 9, 3, 2, 10, 1]]
distance :2748

Time of Program 0.00107598304749
#######################################################
93 10
94 7
95 10
#######################################################
[0, 62, 895, 959, 355, 671, 248, 99, 917, 682]
[62, 0, 455, 337, 103, 391, 453, 402, 866, 981]
[895, 455, 0, 787, 417, 638, 942, 941, 224, 653]
[959, 337, 787, 0, 915, 776, 662, 623, 912, 874]
[355, 103, 417, 915, 0, 972, 639, 817, 977, 541]
[671, 391, 638, 776, 972, 0, 329, 706, 735, 562]
[248, 453, 942, 662, 639, 329, 0, 931, 303, 332]
[99, 402, 941, 623, 817, 706, 931, 0, 683, 895]
[917, 866, 224, 912, 977, 735, 303, 683, 0, 727]
[682, 981, 653, 874, 541, 562, 332, 895, 727, 0]
number of nodes : 10
naive solution:
Done
number of nodes: 4 sequence: 
[[1, 2, 4, 3, 1]]
distance: 2081
number of nodes: 5 sequence: 
[[1, 2, 4, 3, 5, 1]]
distance: 1958
number of nodes: 6 sequence: 
[[1, 2, 5, 3, 4, 6, 1]]
distance: 2816
number of nodes: 7 sequence: 
[[1, 2, 5, 3, 4, 6, 7, 1]]
distance: 2722
number of nodes: 8 sequence: 
[[1, 7, 6, 3, 5, 2, 4, 8, 1]]
distance: 2794
number of nodes: 9 sequence: 
[[1, 7, 6, 4, 2, 5, 3, 9, 8, 1]]
distance: 3216
number of nodes: 10 sequence: 
[[1, 2, 5, 3, 9, 7, 10, 6, 4, 8, 1]]
distance: 3501
Time of Program 1.26516294479
my solution:
Done
adding node4
[[1, 2, 4, 3, 1]]
distance :2081
adding node5
[[1, 2, 4, 3, 5, 1]]
distance :1958
adding node6
[[1, 2, 4, 6, 3, 5, 1]]
distance :2585
adding node7
[[1, 2, 5, 3, 4, 6, 7, 1]]
distance :2722
adding node8
[[1, 7, 6, 3, 5, 2, 4, 8, 1]]
distance :2794
adding node9
[[1, 6, 7, 9, 3, 5, 2, 4, 8, 1]]
distance :3106
adding node10
[[1, 2, 5, 3, 9, 7, 6, 10, 4, 8, 1]]
distance :3596

Time of Program 0.001051902771
#######################################################
96 7
97 9
98 6
99 9
100 9
